90 400
132 421 105 2
245 340 1 4
149 161 3 36
102 160 5 30
358 400 758 30
64 211 9862 48
184 257 11 1
33 389 10 15
11 369 3 47
102 320 2728 21
343 372 261 4
234 428 14 40
152 184 230 16
31 79 1 50
26 78 312 14
254 313 271 29
377 385 472 21
219 229 185 23
118 404 1 38
138 278 5 8
241 400 265 8
47 82 4 19
121 371 349 14
42 375 2 0
290 407 66 45
202 317 30 34
31 327 193 18
227 320 779 9
80 401 1682 20
156 271 28 0
202 399 767 7
277 325 17 44
292 401 3872 30
26 70 6151 16
97 251 8109 8
1 372 2 0
39 314 6652 21
233 312 14 13
215 282 5 28
48 219 355 7
28 149 9 34
364 406 5081 11
193 248 669 23
394 426 120 4
16 262 92 14
0 317 616 36
58 418 633 13
89 305 4295 21
64 239 176 17
235 237 18 31
165 274 11 0
46 150 1303 27
330 398 2 35
106 131 1 44
234 372 7 38
150 302 69 21
191 361 5807 36
32 426 3 47
194 311 137 26
85 181 1465 46
55 99 224 6
23 307 2 4
83 142 1364 2
39 132 255 32
106 254 739 24
212 358 21 12
43 290 10 37
10 121 2 34
210 299 2147 12
167 215 6 37
141 362 5116 5
317 318 16 37
381 413 1096 22
172 194 419 6
101 149 2 41
174 400 8770 19
0 45 2 16
237 334 72 42
358 393 20 24
342 403 3999 12
350 403 8016 3
371 413 1042 20
300 332 7345 42
1 417 8 29
67 277 1135 21
168 419 1297 40
160 384 1986 31
38 68 8871 16
48 91 24 39
41 168 3801 27
