Number of components: 2
Number of edges: 20777
Number of nodes: 6301
Random jump factor: 0.15
Source nodes: 367,249,145

PageRank of nodes, in descending order:
0.13300	367
0.12234	145
0.12140	249
0.02720	1317
0.01747	264
0.01628	266
0.01616	559
0.01610	5
0.01579	7
0.01507	251
0.01500	762
0.01491	666
0.01476	4
0.01443	753
0.01433	250
0.01423	390
0.01385	123
0.01382	265
0.01294	755
0.01292	351
0.01290	983
0.01237	246
0.01234	149
0.01182	717
0.01176	667
0.01173	2098
0.00537	353
0.00466	176
0.00443	754
0.00437	128
0.00414	121
0.00374	127
0.00358	177
0.00291	175
0.00281	2018
0.00280	122
0.00270	3
0.00256	426
0.00248	252
0.00242	3109
0.00233	1036
0.00232	3163
0.00232	3166
0.00231	2362
0.00231	1534
0.00231	3164
0.00231	3165
0.00231	3167
0.00231	3168
0.00225	9
0.00221	427
0.00209	697
0.00202	247
0.00192	424
0.00190	124
0.00189	143
0.00189	146
0.00188	2001
0.00185	369
0.00179	144
0.00175	147
0.00165	2064
0.00161	179
0.00156	129
0.00153	822
0.00152	2194
0.00150	3002
0.00150	2227
0.00149	2228
0.00149	759
0.00149	1787
0.00149	2193
0.00149	2226
0.00148	2224
0.00148	2225
0.00148	823
0.00147	1021
0.00141	261
0.00138	818
0.00138	820
0.00137	819
0.00137	756
0.00137	119
0.00137	824
0.00137	821
0.00136	423
0.00132	248
0.00131	1064
0.00130	586
0.00130	873
0.00129	513
0.00128	2207
0.00128	1412
0.00128	2209
0.00128	2210
0.00128	2206
0.00128	2208
0.00127	258
0.00127	1901
0.00127	491
0.00126	1900
0.00126	1903
0.00125	1669
0.00125	1418
0.00125	1902
0.00125	1956
0.00122	1726
0.00122	2581
0.00122	1349
0.00122	1644
0.00122	64
0.00122	51
0.00122	4180
0.00122	114
0.00122	1389
0.00122	4181
0.00121	108
0.00121	396
0.00121	391
0.00121	393
0.00121	392
0.00121	397
0.00121	394
0.00121	395
0.00121	398
0.00119	695
0.00116	352
0.00113	152
0.00112	459
0.00112	148
0.00111	2579
0.00111	468
0.00111	1350
0.00111	2580
0.00111	2578
0.00111	356
0.00110	355
0.00110	357
0.00110	354
0.00110	359
0.00110	358
0.00108	238
0.00105	10
0.00103	368
0.00101	554
0.00085	856
0.00067	422
0.00067	946
0.00066	947
0.00063	700
0.00054	8
0.00054	174
0.00052	125
0.00050	1246
0.00048	1245
0.00045	2414
0.00044	2122
0.00042	2214
0.00042	126
0.00036	698
0.00035	2476
0.00033	1451
0.00032	2042
0.00032	2076
0.00032	2600
0.00028	1575
0.00026	3344
0.00025	3617
0.00025	3849
0.00025	808
0.00025	1428
0.00025	1896
0.00025	4539
0.00025	5209
0.00025	5483
0.00025	3066
0.00025	5325
0.00025	3715
0.00025	5584
0.00024	2213
0.00024	2787
0.00024	658
0.00024	889
0.00024	2060
0.00024	2057
0.00024	2062
0.00024	2061
0.00024	2058
0.00024	578
0.00024	2059
0.00024	1475
0.00024	260
0.00023	2212
0.00023	2215
0.00023	1097
0.00023	62
0.00023	2216
0.00023	1591
0.00023	2211
0.00023	703
0.00023	1287
0.00023	1899
0.00023	826
0.00023	1898
0.00023	1897
0.00023	1895
0.00023	4291
0.00022	2048
0.00022	106
0.00022	4566
0.00022	4567
0.00022	4568
0.00022	2385
0.00022	1947
0.00022	568
0.00021	1954
0.00021	2666
0.00021	2360
0.00021	2040
0.00020	3551
0.00020	2071
0.00020	327
0.00020	1867
0.00020	870
0.00020	1860
0.00020	684
0.00020	4045
0.00020	4046
0.00020	4047
0.00020	4048
0.00020	4049
0.00020	5017
0.00019	17
0.00019	2413
0.00019	1441
0.00019	285
0.00019	5171
0.00019	1067
0.00019	2412
0.00018	2409
0.00018	940
0.00018	2410
0.00018	1071
0.00018	2411
0.00018	960
0.00018	2415
0.00018	2034
0.00018	3337
0.00018	31
0.00018	5048
0.00018	2601
0.00018	5338
0.00018	2599
0.00018	5941
0.00018	5940
0.00018	5942
0.00018	2597
0.00018	1589
0.00018	2598
0.00018	180
0.00018	924
0.00017	222
0.00017	1068
0.00017	1070
0.00017	253
0.00017	776
0.00017	900
0.00017	1072
0.00017	1073
0.00017	1069
0.00017	1074
0.00017	2281
0.00016	3336
0.00016	219
0.00016	2063
0.00016	2399
0.00016	1227
0.00016	376
0.00016	3772
0.00016	1606
0.00016	3771
0.00016	2975
0.00015	629
0.00015	5566
0.00015	802
0.00015	1394
0.00015	894
0.00015	520
0.00015	1129
0.00015	1143
0.00015	1327
0.00015	864
0.00014	2083
0.00014	3702
0.00014	778
0.00014	549
0.00014	1115
0.00014	3563
0.00014	1574
0.00014	3700
0.00014	1788
0.00014	3701
0.00014	464
0.00014	282
0.00014	2278
0.00014	3934
0.00014	262
0.00014	3931
0.00014	133
0.00014	2867
0.00014	2652
0.00014	290
0.00013	718
0.00013	32
0.00013	2078
0.00013	2081
0.00013	2082
0.00013	2079
0.00013	2080
0.00013	2593
0.00013	1054
0.00013	1454
0.00013	2377
0.00013	1374
0.00013	2552
0.00013	604
0.00013	2707
0.00013	2358
0.00013	1322
0.00013	2338
0.00013	77
0.00013	2709
0.00013	2733
0.00013	3235
0.00013	326
0.00013	2708
0.00013	1173
0.00013	3937
0.00013	3935
0.00013	3354
0.00013	3936
0.00013	2712
0.00013	2710
0.00013	2711
0.00013	1975
0.00013	2384
0.00013	1873
0.00013	3914
0.00013	3915
0.00013	928
0.00013	563
0.00013	3932
0.00013	3933
0.00013	1328
0.00013	1326
0.00013	1325
0.00013	1264
0.00013	1323
0.00013	1324
0.00013	919
0.00013	2403
0.00012	918
0.00012	1334
0.00012	4172
0.00012	922
0.00012	476
0.00012	2758
0.00012	2392
0.00012	1457
0.00012	1573
0.00012	531
0.00012	102
0.00012	2595
0.00012	2324
0.00012	944
0.00012	3417
0.00012	3418
0.00012	3216
0.00012	4301
0.00012	3023
0.00012	3416
0.00012	3414
0.00012	3413
0.00012	3415
0.00012	763
0.00012	760
0.00012	804
0.00012	2737
0.00012	1223
0.00012	1224
0.00012	757
0.00012	2405
0.00012	2735
0.00012	2736
0.00012	758
0.00012	761
0.00012	2734
0.00012	1231
0.00012	1396
0.00012	2407
0.00012	5414
0.00012	2408
0.00012	2404
0.00012	2406
0.00012	3141
0.00011	3170
0.00011	2337
0.00011	2333
0.00011	732
0.00011	2596
0.00011	921
0.00011	2038
0.00011	2594
0.00011	2381
0.00011	814
0.00011	2327
0.00011	1690
0.00011	4818
0.00011	914
0.00011	916
0.00011	915
0.00011	917
0.00011	920
0.00011	855
0.00011	3616
0.00011	1336
0.00011	2433
0.00011	2756
0.00011	2760
0.00011	2757
0.00011	2759
0.00011	1273
0.00011	572
0.00011	731
0.00011	665
0.00011	1212
0.00011	693
0.00011	2288
0.00011	2547
0.00011	1547
0.00011	1486
0.00011	2322
0.00011	1390
0.00011	2383
0.00011	1946
0.00011	1414
0.00011	968
0.00011	4204
0.00011	2039
0.00010	4793
0.00010	911
0.00010	3162
0.00010	5128
0.00010	2553
0.00010	1950
0.00010	1397
0.00010	771
0.00010	1392
0.00010	365
0.00010	2380
0.00010	2125
0.00010	1952
0.00010	1272
0.00010	2041
0.00010	4009
0.00010	3282
0.00010	4202
0.00010	2880
0.00010	324
0.00010	171
0.00010	4203
0.00010	4201
0.00010	1948
0.00010	303
0.00010	4359
0.00010	2375
0.00010	3395
0.00010	1949
0.00010	3394
0.00010	5916
0.00010	91
0.00010	1951
0.00010	2808
0.00010	5126
0.00010	5127
0.00010	1395
0.00010	1393
0.00010	1391
0.00010	4891
0.00010	2376
0.00010	5895
0.00010	6061
0.00010	6062
0.00010	2037
0.00010	2043
0.00010	1846
0.00010	2387
0.00010	977
0.00010	2951
0.00010	2378
0.00010	2386
0.00010	2374
0.00010	2382
0.00010	2379
0.00010	4223
0.00010	490
0.00010	1056
0.00010	3283
0.00010	2184
0.00010	2148
0.00010	3312
0.00010	2472
0.00010	49
0.00010	2326
0.00010	4516
0.00010	4477
0.00010	4515
0.00010	4129
0.00010	633
0.00010	3967
0.00010	2325
0.00009	2312
0.00009	2096
0.00009	3405
0.00009	1775
0.00009	2334
0.00009	980
0.00009	4224
0.00009	4222
0.00009	2321
0.00009	2323
0.00009	2336
0.00009	117
0.00009	2332
0.00009	2313
0.00009	2309
0.00009	2311
0.00009	2310
0.00009	2314
0.00009	2308
0.00009	2335
0.00009	2181
0.00009	2185
0.00009	2183
0.00009	2182
0.00009	3113
0.00009	6150
0.00008	503
0.00007	2395
0.00007	2398
0.00007	2077
0.00006	584
0.00006	1904
0.00006	3894
0.00006	852
0.00006	2397
0.00006	2394
0.00006	2396
0.00006	2400
0.00006	1911
0.00006	2402
0.00006	2401
0.00006	1842
0.00006	2615
0.00005	1517
0.00005	2617
0.00005	2619
0.00005	2614
0.00005	2616
0.00005	2618
0.00005	2620
0.00005	3343
0.00005	2563
0.00005	142
0.00005	1786
0.00005	3352
0.00005	969
0.00005	3169
0.00005	2493
0.00005	1906
0.00005	1907
0.00005	1905
0.00005	1688
0.00005	455
0.00005	1535
0.00004	2074
0.00004	2075
0.00004	132
0.00004	243
0.00004	2070
0.00004	2072
0.00004	2073
0.00004	4688
0.00004	4689
0.00004	2275
0.00004	1800
0.00004	2646
0.00004	4130
0.00004	1556
0.00004	2035
0.00004	1570
0.00004	566
0.00004	2977
0.00004	2976
0.00004	2973
0.00004	38
0.00004	3781
0.00004	1330
0.00004	696
0.00004	1868
0.00004	2254
0.00004	215
0.00003	810
0.00003	92
0.00003	2517
0.00003	1980
0.00003	202
0.00003	163
0.00003	1050
0.00003	2089
0.00003	3813
0.00003	2630
0.00003	3672
0.00003	1376
0.00003	96
0.00003	942
0.00003	2602
0.00003	2974
0.00003	4056
0.00003	3033
0.00003	2026
0.00003	1060
0.00003	1766
0.00003	3194
0.00003	1923
0.00003	1313
0.00003	3232
0.00003	1968
0.00003	3212
0.00003	1509
0.00003	2972
0.00003	1620
0.00003	3728
0.00003	2583
0.00003	2179
0.00003	5051
0.00003	21
0.00003	816
0.00003	649
0.00003	255
0.00003	558
0.00003	1675
0.00003	2761
0.00003	110
0.00003	2746
0.00003	2582
0.00003	2584
0.00003	1061
0.00003	3893
0.00003	256
0.00003	1203
0.00003	4587
0.00003	858
0.00003	3453
0.00003	3367
0.00002	892
0.00002	1829
0.00002	3882
0.00002	2218
0.00002	2791
0.00002	156
0.00002	840
0.00002	2344
0.00002	1728
0.00002	3963
0.00002	4405
0.00002	2114
0.00002	4406
0.00002	2658
0.00002	5357
0.00002	1671
0.00002	335
0.00002	5354
0.00002	5355
0.00002	5356
0.00002	5358
0.00002	1961
0.00002	1568
0.00002	1866
0.00002	3677
0.00002	2764
0.00002	4017
0.00002	3731
0.00002	4895
0.00002	1890
0.00002	1651
0.00002	5403
0.00002	2634
0.00002	4640
0.00002	3679
0.00002	1198
0.00002	1196
0.00002	2166
0.00002	1194
0.00002	1959
0.00002	1963
0.00002	1962
0.00002	1960
0.00002	3079
0.00002	5068
0.00002	587
0.00002	2635
0.00002	165
0.00002	3196
0.00002	2027
0.00002	5405
0.00002	2722
0.00002	3172
0.00002	926
0.00002	955
0.00002	1581
0.00002	532
0.00002	3462
0.00002	3840
0.00002	3193
0.00002	1817
0.00002	3137
0.00002	3192
0.00002	1402
0.00002	4553
0.00002	5085
0.00002	3678
0.00002	1118
0.00002	5572
0.00002	5868
0.00002	5884
0.00002	5001
0.00002	4714
0.00002	113
0.00002	5404
0.00002	295
0.00002	898
0.00002	2637
0.00002	429
0.00002	2785
0.00002	1928
0.00002	1339
0.00002	4063
0.00002	626
0.00002	837
0.00002	2690
0.00002	3138
0.00002	2028
0.00002	4894
0.00002	1347
0.00002	1333
0.00002	2931
0.00002	1724
0.00002	2067
0.00002	3139
0.00002	309
0.00002	2443
0.00002	3615
0.00002	2305
0.00002	1042
0.00002	1945
0.00002	2638
0.00002	2636
0.00002	1808
0.00002	331
0.00002	2639
0.00002	659
0.00002	2640
0.00002	1983
0.00002	3140
0.00002	2287
0.00002	2524
0.00002	3149
0.00002	3346
0.00002	637
0.00002	585
0.00002	1123
0.00002	3841
0.00002	4839
0.00002	4002
0.00002	3230
0.00002	116
0.00002	4476
0.00002	4897
0.00002	4896
0.00002	4898
0.00002	2276
0.00002	1801
0.00002	3419
0.00002	4953
0.00002	2689
0.00002	740
0.00002	2852
0.00002	3524
0.00002	1922
0.00002	3812
0.00002	2138
0.00002	2237
0.00002	2300
0.00002	4776
0.00002	3727
0.00002	1934
0.00002	208
0.00002	3636
0.00002	1338
0.00002	5352
0.00002	2748
0.00002	5277
0.00002	5353
0.00002	4431
0.00002	5350
0.00002	5351
0.00002	1199
0.00002	712
0.00002	4844
0.00002	2456
0.00002	3732
0.00002	3730
0.00002	3729
0.00002	2705
0.00002	3301
0.00002	2868
0.00002	1957
0.00002	3619
0.00002	3093
0.00002	3926
0.00002	567
0.00002	4408
0.00002	3298
0.00002	3147
0.00002	3300
0.00002	1482
0.00002	3299
0.00002	1607
0.00002	3550
0.00002	1485
0.00002	5154
0.00002	3187
0.00002	1528
0.00002	6040
0.00002	3687
0.00002	2105
0.00002	4868
0.00002	5806
0.00002	5807
0.00002	5808
0.00002	1849
0.00002	925
0.00002	4018
0.00002	2274
0.00002	2462
0.00002	3626
0.00002	1062
0.00002	4053
0.00002	4054
0.00002	4055
0.00002	3618
0.00002	377
0.00002	3801
0.00002	2528
0.00002	59
0.00002	2304
0.00002	3124
0.00002	962
0.00002	1018
0.00002	1955
0.00002	681
0.00002	2200
0.00002	2273
0.00002	627
0.00002	1219
0.00002	3980
0.00002	2723
0.00002	4200
0.00002	23
0.00002	4286
0.00002	93
0.00002	1175
0.00002	257
0.00002	2964
0.00002	3981
0.00002	4199
0.00002	3249
0.00002	2086
0.00002	1702
0.00002	3364
0.00002	2633
0.00002	2631
0.00002	2421
0.00002	2632
0.00002	3328
0.00002	2292
0.00002	1524
0.00002	2961
0.00002	336
0.00002	3925
0.00002	3096
0.00002	3927
0.00002	1797
0.00002	3924
0.00002	3923
0.00002	2348
0.00002	344
0.00002	909
0.00002	3681
0.00002	795
0.00002	311
0.00002	2219
0.00002	2015
0.00002	412
0.00002	930
0.00002	3365
0.00002	134
0.00002	3229
0.00002	1197
0.00002	3637
0.00002	2243
0.00002	621
0.00002	167
0.00002	1180
0.00002	2167
0.00002	5642
0.00002	3296
0.00002	5677
0.00002	5675
0.00002	5676
0.00002	2923
0.00002	730
0.00002	4679
0.00002	4281
0.00002	2551
0.00002	866
0.00002	989
0.00002	4091
0.00002	1169
0.00002	4089
0.00002	4090
0.00002	1540
0.00002	1511
0.00002	505
0.00002	2016
0.00002	1087
0.00002	1490
0.00002	4680
0.00002	4681
0.00002	3874
0.00002	1489
0.00002	3607
0.00002	2111
0.00002	3871
0.00002	813
0.00002	2134
0.00002	5978
0.00002	6075
0.00002	6074
0.00002	6073
0.00002	2130
0.00002	3368
0.00002	3366
0.00002	1427
0.00002	2133
0.00002	2132
0.00002	2131
0.00001	2196
0.00001	1288
0.00001	1431
0.00001	432
0.00001	1047
0.00001	3962
0.00001	254
0.00001	259
0.00001	3995
0.00001	2498
0.00001	1699
0.00001	1979
0.00001	1491
0.00001	1744
0.00001	1670
0.00001	3569
0.00001	45
0.00001	2911
0.00001	2726
0.00001	451
0.00001	4928
0.00001	404
0.00001	286
0.00001	3921
0.00001	2820
0.00001	1887
0.00001	1886
0.00001	4273
0.00001	1885
0.00001	2948
0.00001	881
0.00001	2054
0.00001	875
0.00001	803
0.00001	3310
0.00001	1426
0.00001	2744
0.00001	240
0.00001	323
0.00001	1303
0.00001	937
0.00001	1001
0.00001	1708
0.00001	1522
0.00001	184
0.00001	576
0.00001	1920
0.00001	4192
0.00001	4085
0.00001	4086
0.00001	1429
0.00001	3032
0.00001	6168
0.00001	6232
0.00001	3058
0.00001	1027
0.00001	4004
0.00001	4840
0.00001	4926
0.00001	4927
0.00001	1435
0.00001	4272
0.00001	3173
0.00001	4118
0.00001	4317
0.00001	1023
0.00001	1430
0.00001	859
0.00001	1028
0.00001	1531
0.00001	1031
0.00001	1432
0.00001	2751
0.00001	2745
0.00001	71
0.00001	1332
0.00001	1741
0.00001	1048
0.00001	338
0.00001	2729
0.00001	4080
0.00001	4031
0.00001	1538
0.00001	3721
0.00001	1701
0.00001	1481
0.00001	979
0.00001	1827
0.00001	2819
0.00001	575
0.00001	2906
0.00001	2792
0.00001	1492
0.00001	172
0.00001	1213
0.00001	1039
0.00001	4917
0.00001	1700
0.00001	4277
0.00001	957
0.00001	1703
0.00001	1459
0.00001	5129
0.00001	5130
0.00001	1706
0.00001	2544
0.00001	198
0.00001	3080
0.00001	1852
0.00001	3055
0.00001	452
0.00001	1437
0.00001	227
0.00001	1377
0.00001	343
0.00001	3376
0.00001	2747
0.00001	932
0.00001	4193
0.00001	4190
0.00001	4191
0.00001	2794
0.00001	982
0.00001	440
0.00001	5056
0.00001	1029
0.00001	3357
0.00001	2683
0.00001	2350
0.00001	529
0.00001	691
0.00001	15
0.00001	330
0.00001	3695
0.00001	1989
0.00001	3070
0.00001	557
0.00001	2420
0.00001	3335
0.00001	4425
0.00001	4071
0.00001	3865
0.00001	3228
0.00001	3768
0.00001	5009
0.00001	4087
0.00001	3019
0.00001	1249
0.00001	3471
0.00001	4899
0.00001	187
0.00001	4069
0.00001	4070
0.00001	4664
0.00001	4950
0.00001	425
0.00001	2465
0.00001	3171
0.00001	4289
0.00001	137
0.00001	3200
0.00001	3199
0.00001	3201
0.00001	2781
0.00001	5890
0.00001	714
0.00001	3968
0.00001	3006
0.00001	3822
0.00001	2839
0.00001	5645
0.00001	2818
0.00001	2653
0.00001	2871
0.00001	2624
0.00001	1833
0.00001	1997
0.00001	3970
0.00001	3969
0.00001	4629
0.00001	5088
0.00001	5889
0.00001	1193
0.00001	2279
0.00001	751
0.00001	571
0.00001	4459
0.00001	346
0.00001	574
0.00001	2809
0.00001	2811
0.00001	2810
0.00001	2812
0.00001	2817
0.00001	2816
0.00001	2815
0.00001	2814
0.00001	2813
0.00001	2085
0.00001	2087
0.00001	2088
0.00001	2084
0.00001	2538
0.00001	573
0.00001	363
0.00001	2448
0.00001	4361
0.00001	828
0.00001	3852
0.00001	3144
0.00001	2706
0.00001	80
0.00001	2953
0.00001	2687
0.00001	3854
0.00001	3448
0.00001	2486
0.00001	3851
0.00001	1850
0.00001	3853
0.00001	2424
0.00001	3839
0.00001	561
0.00001	4022
0.00001	3309
0.00001	289
0.00001	984
0.00001	3725
0.00001	1239
0.00001	2798
0.00001	1233
0.00001	4248
0.00001	884
0.00001	3345
0.00001	2298
0.00001	3992
0.00001	3743
0.00001	3307
0.00001	3308
0.00001	2149
0.00001	2952
0.00001	2053
0.00001	4288
0.00001	500
0.00001	1258
0.00001	518
0.00001	4064
0.00001	973
0.00001	1805
0.00001	3156
0.00001	322
0.00001	4720
0.00001	1504
0.00001	536
0.00001	3275
0.00001	4287
0.00001	2066
0.00001	3102
0.00001	1636
0.00001	886
0.00001	4622
0.00001	4620
0.00001	4621
0.00001	542
0.00001	2280
0.00001	2284
0.00001	2282
0.00001	2283
0.00001	2277
0.00001	1004
0.00001	450
0.00001	699
0.00001	5192
0.00001	1718
0.00001	739
0.00001	2093
0.00001	3174
0.00001	5008
0.00001	528
0.00001	551
0.00001	2366
0.00001	1456
0.00001	2719
0.00001	307
0.00001	191
0.00001	1891
0.00001	4589
0.00001	94
0.00001	777
0.00001	5474
0.00001	4081
0.00001	2790
0.00001	1385
0.00001	183
0.00001	970
0.00001	2253
0.00001	3821
0.00001	442
0.00001	3660
0.00001	3538
0.00001	651
0.00001	3465
0.00001	487
0.00001	2306
0.00001	1994
0.00001	522
0.00001	3257
0.00001	2255
0.00001	2152
0.00001	3752
0.00001	4026
0.00001	3122
0.00001	5047
0.00001	3475
0.00001	1738
0.00001	57
0.00001	2650
0.00001	1184
0.00001	420
0.00001	190
0.00001	63
0.00001	2892
0.00001	2176
0.00001	2119
0.00001	2965
0.00001	2688
0.00001	4068
0.00001	2303
0.00001	815
0.00001	3997
0.00001	1988
0.00001	2222
0.00001	2904
0.00001	437
0.00001	105
0.00001	3953
0.00001	3905
0.00001	5311
0.00001	5312
0.00001	4292
0.00001	4438
0.00001	971
0.00001	972
0.00001	974
0.00001	5131
0.00001	5132
0.00001	2445
0.00001	736
0.00001	5497
0.00001	3791
0.00001	1409
0.00001	1178
0.00001	3281
0.00001	4067
0.00001	4197
0.00001	1297
0.00001	4603
0.00001	2621
0.00001	1689
0.00001	4065
0.00001	3115
0.00001	4373
0.00001	4727
0.00001	2651
0.00001	4066
0.00001	4729
0.00001	4728
0.00001	4730
0.00001	2840
0.00001	4189
0.00001	1243
0.00001	4194
0.00001	4030
0.00001	2014
0.00001	811
0.00001	4196
0.00001	4195
0.00001	4198
0.00001	1784
0.00001	1515
0.00001	193
0.00001	2606
0.00001	2893
0.00001	850
0.00001	4861
0.00001	3127
0.00001	2645
0.00001	321
0.00001	2188
0.00001	552
0.00001	2657
0.00001	2017
0.00001	2984
0.00001	2546
0.00001	2866
0.00001	2643
0.00001	279
0.00001	857
0.00001	1156
0.00001	1140
0.00001	2955
0.00001	4860
0.00001	4859
0.00001	4858
0.00001	4862
0.00001	4863
0.00001	1942
0.00001	2069
0.00001	3121
0.00001	3891
0.00001	3120
0.00001	3977
0.00001	158
0.00001	4319
0.00001	3125
0.00001	3123
0.00001	3126
0.00001	3233
0.00001	2805
0.00001	1353
0.00001	1132
0.00001	4318
0.00001	1003
0.00001	677
0.00001	5175
0.00001	2655
0.00001	2656
0.00001	2499
0.00001	3777
0.00001	4105
0.00001	387
0.00001	3134
0.00001	1329
0.00001	4014
0.00001	4059
0.00001	4020
0.00001	2869
0.00001	2189
0.00001	582
0.00001	1628
0.00001	2604
0.00001	2609
0.00001	2603
0.00001	2608
0.00001	2607
0.00001	2605
0.00001	2610
0.00001	507
0.00001	4062
0.00001	3593
0.00001	1717
0.00001	3974
0.00001	3971
0.00001	3972
0.00001	3973
0.00001	3975
0.00001	3976
0.00001	3978
0.00001	3895
0.00001	5333
0.00001	101
0.00001	3342
0.00001	3999
0.00001	3065
0.00001	3998
0.00001	5334
0.00001	5335
0.00001	4032
0.00001	3231
0.00001	3587
0.00001	4016
0.00001	4015
0.00001	4019
0.00001	3234
0.00001	313
0.00001	1095
0.00001	4639
0.00001	4024
0.00001	4021
0.00001	4023
0.00001	4025
0.00001	348
0.00001	838
0.00001	5106
0.00001	3288
0.00001	341
0.00001	5174
0.00001	5173
0.00001	5172
0.00001	5170
0.00001	1033
0.00001	1936
0.00001	5004
0.00001	2515
0.00001	2160
0.00001	2949
0.00001	3289
0.00001	4033
0.00001	3818
0.00001	2442
0.00001	5554
0.00001	3112
0.00001	4316
0.00001	1093
0.00001	4058
0.00001	1626
0.00001	4061
0.00001	764
0.00001	3819
0.00001	4060
0.00001	3010
0.00001	4057
0.00001	6151
0.00001	2870
0.00001	2536
0.00001	5552
0.00001	5550
0.00001	5551
0.00001	4577
0.00001	6013
0.00001	6153
0.00001	6152
0.00001	291
0.00001	3820
0.00001	449
0.00001	3817
0.00001	1195
0.00001	2865
0.00001	4166
0.00001	2466
0.00001	2464
0.00001	29
0.00001	726
0.00001	2259
0.00001	3136
0.00001	5278
0.00001	3204
0.00001	4735
0.00001	5381
0.00001	4986
0.00001	2697
0.00001	1892
0.00001	2221
0.00001	2755
0.00001	2695
0.00001	1559
0.00001	4041
0.00001	3789
0.00001	4670
0.00001	3237
0.00001	2143
0.00001	3892
0.00001	4669
0.00001	4330
0.00001	2099
0.00001	750
0.00001	228
0.00001	2529
0.00001	2799
0.00001	5020
0.00001	5019
0.00001	3097
0.00001	904
0.00001	2036
0.00001	2554
0.00001	4738
0.00001	4736
0.00001	4737
0.00001	4007
0.00001	4006
0.00001	2950
0.00001	4005
0.00001	812
0.00001	2667
0.00001	3408
0.00001	5162
0.00001	496
0.00001	5163
0.00001	5164
0.00001	5165
0.00001	224
0.00001	1342
0.00001	817
0.00001	2752
0.00001	2241
0.00001	3680
0.00001	2441
0.00001	4709
0.00001	2002
0.00001	1647
0.00001	1516
0.00001	296
0.00001	809
0.00001	2370
0.00001	1383
0.00001	1656
0.00001	3334
0.00001	1022
0.00001	3059
0.00001	806
0.00001	805
0.00001	807
0.00001	1476
0.00001	4082
0.00001	2625
0.00001	5407
0.00001	4435
0.00001	534
0.00001	5816
0.00001	725
0.00001	1940
0.00001	453
0.00001	1544
0.00001	2612
0.00001	2494
0.00001	1845
0.00001	3489
0.00001	3105
0.00001	4037
0.00001	4237
0.00001	628
0.00001	4143
0.00001	1564
0.00001	1424
0.00001	1608
0.00001	2750
0.00001	1803
0.00001	20
0.00001	3017
0.00001	1425
0.00001	2229
0.00001	3558
0.00001	2654
0.00001	3590
0.00001	1162
0.00001	2354
0.00001	2032
0.00001	4219
0.00001	3053
0.00001	4084
0.00001	4083
0.00001	2173
0.00001	2007
0.00001	2966
0.00001	2960
0.00001	2959
0.00001	1990
0.00001	3581
0.00001	1854
0.00001	73
0.00001	3455
0.00001	685
0.00001	3509
0.00001	938
0.00001	3495
0.00001	2749
0.00001	2190
0.00001	1587
0.00001	4909
0.00001	3029
0.00000	3375
0.00000	4908
0.00000	56
0.00000	1913
0.00000	788
0.00000	2520
0.00000	4845
0.00000	3488
0.00000	3580
0.00000	3460
0.00000	3577
0.00000	3582
0.00000	3579
0.00000	3578
0.00000	3959
0.00000	4221
0.00000	2569
0.00000	4220
0.00000	263
0.00000	1780
0.00000	4170
0.00000	2425
0.00000	1915
0.00000	2169
0.00000	3750
0.00000	3608
0.00000	342
0.00000	3215
0.00000	3779
0.00000	1165
0.00000	2941
0.00000	4437
0.00000	2051
0.00000	3675
0.00000	4236
0.00000	4464
0.00000	1255
0.00000	2191
0.00000	1798
0.00000	510
0.00000	4270
0.00000	2519
0.00000	2195
0.00000	835
0.00000	4412
0.00000	2192
0.00000	178
0.00000	3407
0.00000	3850
0.00000	1150
0.00000	5629
0.00000	2724
0.00000	2532
0.00000	1359
0.00000	694
0.00000	200
0.00000	1541
0.00000	1631
0.00000	2170
0.00000	668
0.00000	1137
0.00000	3586
0.00000	2030
0.00000	4402
0.00000	3205
0.00000	2943
0.00000	1318
0.00000	1228
0.00000	1814
0.00000	3837
0.00000	4159
0.00000	4653
0.00000	2558
0.00000	2418
0.00000	4880
0.00000	3838
0.00000	541
0.00000	2916
0.00000	3836
0.00000	3834
0.00000	3835
0.00000	4854
0.00000	2823
0.00000	710
0.00000	5423
0.00000	5424
0.00000	2011
0.00000	2302
0.00000	2502
0.00000	792
0.00000	2613
0.00000	235
0.00000	2449
0.00000	769
0.00000	4617
0.00000	2822
0.00000	3185
0.00000	1086
0.00000	3960
0.00000	1090
0.00000	4153
0.00000	4934
0.00000	281
0.00000	1609
0.00000	3958
0.00000	3961
0.00000	1749
0.00000	3027
0.00000	2500
0.00000	1677
0.00000	2168
0.00000	3409
0.00000	2570
0.00000	3374
0.00000	3373
0.00000	3635
0.00000	3735
0.00000	2262
0.00000	5140
0.00000	2197
0.00000	478
0.00000	1044
0.00000	3485
0.00000	4145
0.00000	848
0.00000	4093
0.00000	2319
0.00000	878
0.00000	1052
0.00000	2427
0.00000	298
0.00000	1969
0.00000	2720
0.00000	1434
0.00000	2361
0.00000	1444
0.00000	4625
0.00000	5758
0.00000	25
0.00000	1918
0.00000	5276
0.00000	2497
0.00000	4293
0.00000	2115
0.00000	364
0.00000	477
0.00000	3038
0.00000	1059
0.00000	4925
0.00000	4923
0.00000	4924
0.00000	3484
0.00000	1909
0.00000	241
0.00000	2234
0.00000	2285
0.00000	141
0.00000	1529
0.00000	3918
0.00000	3386
0.00000	462
0.00000	1894
0.00000	1262
0.00000	4754
0.00000	3046
0.00000	347
0.00000	2548
0.00000	50
0.00000	3733
0.00000	871
0.00000	2477
0.00000	5428
0.00000	3487
0.00000	151
0.00000	3833
0.00000	2022
0.00000	69
0.00000	2935
0.00000	1034
0.00000	1770
0.00000	1235
0.00000	5124
0.00000	5125
0.00000	1557
0.00000	4280
0.00000	2023
0.00000	494
0.00000	448
0.00000	787
0.00000	82
0.00000	1773
0.00000	1077
0.00000	2776
0.00000	2859
0.00000	4455
0.00000	581
0.00000	3734
0.00000	3736
0.00000	3612
0.00000	5063
0.00000	1812
0.00000	1916
0.00000	4789
0.00000	5729
0.00000	2198
0.00000	2
0.00000	4427
0.00000	4935
0.00000	2244
0.00000	2317
0.00000	2837
0.00000	1217
0.00000	612
0.00000	1711
0.00000	2201
0.00000	60
0.00000	3749
0.00000	1658
0.00000	3994
0.00000	3329
0.00000	5933
0.00000	5934
0.00000	548
0.00000	2562
0.00000	325
0.00000	2861
0.00000	4436
0.00000	4380
0.00000	1084
0.00000	2202
0.00000	5237
0.00000	2186
0.00000	3806
0.00000	4434
0.00000	867
0.00000	1653
0.00000	2663
0.00000	4465
0.00000	3966
0.00000	765
0.00000	1917
0.00000	2266
0.00000	3028
0.00000	2885
0.00000	112
0.00000	3031
0.00000	3030
0.00000	5434
0.00000	2264
0.00000	78
0.00000	3694
0.00000	103
0.00000	3362
0.00000	3463
0.00000	1985
0.00000	2489
0.00000	4866
0.00000	2343
0.00000	3693
0.00000	4619
0.00000	4010
0.00000	4618
0.00000	3349
0.00000	155
0.00000	1252
0.00000	2875
0.00000	5436
0.00000	1709
0.00000	5435
0.00000	4395
0.00000	1066
0.00000	2662
0.00000	1280
0.00000	1089
0.00000	4878
0.00000	2248
0.00000	1466
0.00000	3382
0.00000	3383
0.00000	4781
0.00000	2269
0.00000	214
0.00000	2052
0.00000	527
0.00000	3014
0.00000	860
0.00000	3178
0.00000	1321
0.00000	1583
0.00000	2031
0.00000	3846
0.00000	3497
0.00000	1974
0.00000	4250
0.00000	2295
0.00000	711
0.00000	1921
0.00000	345
0.00000	1919
0.00000	5224
0.00000	1750
0.00000	4695
0.00000	182
0.00000	706
0.00000	2422
0.00000	4855
0.00000	5628
0.00000	2474
0.00000	1049
0.00000	3951
0.00000	3350
0.00000	4641
0.00000	5570
0.00000	5571
0.00000	2661
0.00000	2249
0.00000	1361
0.00000	1530
0.00000	4890
0.00000	2008
0.00000	136
0.00000	3595
0.00000	4426
0.00000	350
0.00000	4298
0.00000	614
0.00000	1026
0.00000	4299
0.00000	2033
0.00000	2029
0.00000	4520
0.00000	2490
0.00000	1539
0.00000	2789
0.00000	1533
0.00000	2347
0.00000	2862
0.00000	3146
0.00000	2572
0.00000	3858
0.00000	1705
0.00000	1337
0.00000	3516
0.00000	3599
0.00000	3946
0.00000	1561
0.00000	4206
0.00000	3290
0.00000	3220
0.00000	1792
0.00000	883
0.00000	4519
0.00000	2842
0.00000	2838
0.00000	1664
0.00000	1762
0.00000	81
0.00000	1704
0.00000	3863
0.00000	3576
0.00000	2475
0.00000	5368
0.00000	4904
0.00000	5367
0.00000	2504
0.00000	2124
0.00000	945
0.00000	3676
0.00000	4214
0.00000	4213
0.00000	3459
0.00000	2050
0.00000	3385
0.00000	4487
0.00000	3897
0.00000	1707
0.00000	2568
0.00000	3916
0.00000	131
0.00000	334
0.00000	4229
0.00000	4865
0.00000	4864
0.00000	1487
0.00000	3062
0.00000	1865
0.00000	2451
0.00000	2773
0.00000	4215
0.00000	2779
0.00000	2996
0.00000	1025
0.00000	3903
0.00000	4216
0.00000	2291
0.00000	164
0.00000	2106
0.00000	469
0.00000	4212
0.00000	4217
0.00000	4218
0.00000	2516
0.00000	1382
0.00000	3260
0.00000	388
0.00000	1592
0.00000	1167
0.00000	1912
0.00000	2537
0.00000	781
0.00000	1289
0.00000	5177
0.00000	1120
0.00000	2165
0.00000	1978
0.00000	3808
0.00000	339
0.00000	3064
0.00000	337
0.00000	3179
0.00000	2353
0.00000	5451
0.00000	1158
0.00000	1545
0.00000	411
0.00000	5749
0.00000	1144
0.00000	2936
0.00000	1637
0.00000	3000
0.00000	1569
0.00000	209
0.00000	5763
0.00000	5764
0.00000	560
0.00000	4393
0.00000	5805
0.00000	690
0.00000	3402
0.00000	4152
0.00000	4154
0.00000	2795
0.00000	2013
0.00000	4239
0.00000	294
0.00000	4766
0.00000	3469
0.00000	2024
0.00000	3292
0.00000	493
0.00000	1973
0.00000	329
0.00000	4478
0.00000	3266
0.00000	1387
0.00000	3786
0.00000	4764
0.00000	862
0.00000	5881
0.00000	3399
0.00000	3401
0.00000	3400
0.00000	4295
0.00000	648
0.00000	796
0.00000	3061
0.00000	199
0.00000	1652
0.00000	3259
0.00000	3060
0.00000	3063
0.00000	4871
0.00000	2492
0.00000	3211
0.00000	206
0.00000	2664
0.00000	2932
0.00000	4711
0.00000	386
0.00000	988
0.00000	1305
0.00000	1602
0.00000	2982
0.00000	5059
0.00000	1493
0.00000	3001
0.00000	4238
0.00000	1265
0.00000	1584
0.00000	1306
0.00000	100
0.00000	2432
0.00000	333
0.00000	332
0.00000	1763
0.00000	2123
0.00000	1017
0.00000	1364
0.00000	4094
0.00000	4231
0.00000	4676
0.00000	3114
0.00000	4131
0.00000	2821
0.00000	212
0.00000	4765
0.00000	2648
0.00000	1380
0.00000	385
0.00000	2888
0.00000	3175
0.00000	4413
0.00000	4762
0.00000	4761
0.00000	4763
0.00000	3258
0.00000	2665
0.00000	5999
0.00000	5879
0.00000	472
0.00000	2999
0.00000	2994
0.00000	4571
0.00000	4546
0.00000	4547
0.00000	874
0.00000	55
0.00000	2721
0.00000	1157
0.00000	1100
0.00000	3261
0.00000	211
0.00000	3596
0.00000	5880
0.00000	2997
0.00000	370
0.00000	1300
0.00000	4623
0.00000	2998
0.00000	3457
0.00000	3177
0.00000	5931
0.00000	1537
0.00000	748
0.00000	381
0.00000	4400
0.00000	676
0.00000	2843
0.00000	2671
0.00000	213
0.00000	1526
0.00000	3996
0.00000	4158
0.00000	4684
0.00000	2896
0.00000	5796
0.00000	3326
0.00000	210
0.00000	216
0.00000	217
0.00000	6071
0.00000	4706
0.00000	869
0.00000	5688
0.00000	609
0.00000	4658
0.00000	5823
0.00000	877
0.00000	4260
0.00000	6138
0.00000	2349
0.00000	2356
0.00000	5080
0.00000	2147
0.00000	4261
0.00000	4258
0.00000	4259
0.00000	3826
0.00000	3176
0.00000	2786
0.00000	2677
0.00000	3490
0.00000	2055
0.00000	3562
0.00000	4802
0.00000	4534
0.00000	1837
0.00000	872
0.00000	3583
0.00000	876
0.00000	3717
0.00000	2628
0.00000	4230
0.00000	3614
0.00000	3213
0.00000	2864
0.00000	3724
0.00000	203
0.00000	3722
0.00000	2543
0.00000	3723
0.00000	4233
0.00000	4232
0.00000	2863
0.00000	4234
0.00000	2577
0.00000	288
0.00000	4652
0.00000	2289
0.00000	5653
0.00000	4235
0.00000	2576
0.00000	1870
0.00000	3756
0.00000	5303
0.00000	1041
0.00000	5315
0.00000	986
0.00000	5840
0.00000	2391
0.00000	5463
0.00000	4550
0.00000	4549
0.00000	75
0.00000	4683
0.00000	2261
0.00000	2049
0.00000	1571
0.00000	4302
0.00000	3553
0.00000	6039
0.00000	2056
0.00000	3714
0.00000	785
0.00000	733
0.00000	3983
0.00000	1458
0.00000	1019
0.00000	5569
0.00000	5568
0.00000	4518
0.00000	908
0.00000	4344
0.00000	2203
0.00000	550
0.00000	3133
0.00000	3692
0.00000	3690
0.00000	3691
0.00000	3688
0.00000	3689
0.00000	3982
0.00000	111
0.00000	1267
0.00000	3132
0.00000	5767
0.00000	1122
0.00000	1740
0.00000	135
0.00000	4368
0.00000	2004
0.00000	4300
0.00000	5484
0.00000	4705
0.00000	1548
0.00000	1546
0.00000	1232
0.00000	2925
0.00000	3241
0.00000	4573
0.00000	2592
0.00000	3358
0.00000	661
0.00000	1301
0.00000	3860
0.00000	4512
0.00000	654
0.00000	4517
0.00000	4341
0.00000	4657
0.00000	3327
0.00000	3098
0.00000	5002
0.00000	5003
0.00000	1777
0.00000	5023
0.00000	1542
0.00000	5468
0.00000	4815
0.00000	5670
0.00000	963
0.00000	4165
0.00000	5992
0.00000	5406
0.00000	5040
0.00000	3906
0.00000	3004
0.00000	3039
0.00000	3247
0.00000	3082
0.00000	1831
0.00000	5997
0.00000	5998
0.00000	782
0.00000	4806
0.00000	770
0.00000	990
0.00000	2641
0.00000	3410
0.00000	991
0.00000	2670
0.00000	606
0.00000	3466
0.00000	2272
0.00000	1316
0.00000	715
0.00000	5935
0.00000	3698
0.00000	3129
0.00000	1259
0.00000	1408
0.00000	4285
0.00000	2453
0.00000	1939
0.00000	4889
0.00000	1779
0.00000	863
0.00000	1782
0.00000	5475
0.00000	1351
0.00000	1781
0.00000	1778
0.00000	1783
0.00000	4254
0.00000	1038
0.00000	2271
0.00000	635
0.00000	3843
0.00000	1176
0.00000	671
0.00000	5501
0.00000	2783
0.00000	2294
0.00000	997
0.00000	1007
0.00000	4284
0.00000	3613
0.00000	416
0.00000	3862
0.00000	3280
0.00000	3295
0.00000	3855
0.00000	3081
0.00000	3699
0.00000	4665
0.00000	4586
0.00000	3557
0.00000	1016
0.00000	5496
0.00000	1304
0.00000	1302
0.00000	6241
0.00000	6242
0.00000	473
0.00000	2423
0.00000	1291
0.00000	3842
0.00000	3844
0.00000	3845
0.00000	2006
0.00000	267
0.00000	5520
0.00000	5519
0.00000	5518
0.00000	415
0.00000	3984
0.00000	3530
0.00000	4433
0.00000	3242
0.00000	1447
0.00000	1830
0.00000	2151
0.00000	162
0.00000	498
0.00000	2523
0.00000	4428
0.00000	3467
0.00000	5179
0.00000	483
0.00000	3339
0.00000	786
0.00000	2649
0.00000	4275
0.00000	2157
0.00000	4502
0.00000	3464
0.00000	3461
0.00000	2390
0.00000	2389
0.00000	2388
0.00000	5502
0.00000	3883
0.00000	686
0.00000	3340
0.00000	3338
0.00000	4874
0.00000	1358
0.00000	4635
0.00000	4659
0.00000	1378
0.00000	4660
0.00000	1772
0.00000	1221
0.00000	3056
0.00000	4661
0.00000	5491
0.00000	5490
0.00000	1565
0.00000	2481
0.00000	86
0.00000	2772
0.00000	3499
0.00000	3797
0.00000	2847
0.00000	1698
0.00000	799
0.00000	4334
0.00000	3439
0.00000	5116
0.00000	1208
0.00000	3572
0.00000	2765
0.00000	2763
0.00000	2231
0.00000	2588
0.00000	1543
0.00000	3654
0.00000	2942
0.00000	3949
0.00000	3297
0.00000	3568
0.00000	1840
0.00000	535
0.00000	3885
0.00000	3884
0.00000	433
0.00000	4970
0.00000	4876
0.00000	3880
0.00000	3881
0.00000	3117
0.00000	1992
0.00000	1929
0.00000	3470
0.00000	4693
0.00000	4077
0.00000	3319
0.00000	13
0.00000	2471
0.00000	5018
0.00000	3468
0.00000	2094
0.00000	297
0.00000	738
0.00000	5057
0.00000	4846
0.00000	4107
0.00000	312
0.00000	4144
0.00000	4146
0.00000	4147
0.00000	4306
0.00000	3423
0.00000	1695
0.00000	159
0.00000	1103
0.00000	4075
0.00000	484
0.00000	1507
0.00000	553
0.00000	434
0.00000	3993
0.00000	3304
0.00000	897
0.00000	4164
0.00000	1659
0.00000	1055
0.00000	607
0.00000	1005
0.00000	1691
0.00000	4424
0.00000	2771
0.00000	3108
0.00000	1697
0.00000	1828
0.00000	1832
0.00000	2958
0.00000	774
0.00000	4667
0.00000	2784
0.00000	2642
0.00000	1135
0.00000	3456
0.00000	140
0.00000	30
0.00000	682
0.00000	538
0.00000	4668
0.00000	4666
0.00000	2431
0.00000	3219
0.00000	1861
0.00000	2127
0.00000	825
0.00000	910
0.00000	2957
0.00000	2956
0.00000	436
0.00000	891
0.00000	2150
0.00000	3458
0.00000	5180
0.00000	2429
0.00000	2108
0.00000	5473
0.00000	3110
0.00000	4163
0.00000	4951
0.00000	382
0.00000	1354
0.00000	41
0.00000	5235
0.00000	4501
0.00000	5236
0.00000	5238
0.00000	5239
0.00000	3685
0.00000	3686
0.00000	3907
0.00000	779
0.00000	1764
0.00000	3769
0.00000	271
0.00000	1536
0.00000	107
0.00000	2940
0.00000	3908
0.00000	1730
0.00000	2021
0.00000	5029
0.00000	844
0.00000	2849
0.00000	2954
0.00000	5030
0.00000	5031
0.00000	5032
0.00000	5033
0.00000	5034
0.00000	5035
0.00000	3794
0.00000	868
0.00000	652
0.00000	1415
0.00000	2853
0.00000	5121
0.00000	2540
0.00000	692
0.00000	3886
0.00000	1275
0.00000	495
0.00000	1040
0.00000	4885
0.00000	4120
0.00000	4980
0.00000	4873
0.00000	4746
0.00000	5293
0.00000	1257
0.00000	4103
0.00000	4939
0.00000	2841
0.00000	4507
0.00000	1423
0.00000	3671
0.00000	995
0.00000	707
0.00000	861
0.00000	865
0.00000	97
0.00000	3566
0.00000	1240
0.00000	3071
0.00000	1532
0.00000	976
0.00000	4307
0.00000	3543
0.00000	230
0.00000	5923
0.00000	5289
0.00000	5926
0.00000	5924
0.00000	5925
0.00000	1053
0.00000	1051
0.00000	4173
0.00000	3224
0.00000	5417
0.00000	5418
0.00000	4342
0.00000	4343
0.00000	1756
0.00000	5211
0.00000	2368
0.00000	3188
0.00000	4304
0.00000	5328
0.00000	1179
0.00000	18
0.00000	5391
0.00000	2971
0.00000	3106
0.00000	1442
0.00000	1433
0.00000	1554
0.00000	35
0.00000	1319
0.00000	1320
0.00000	4035
0.00000	3879
0.00000	3629
0.00000	2480
0.00000	1163
0.00000	138
0.00000	3225
0.00000	301
0.00000	4403
0.00000	4404
0.00000	5220
0.00000	3052
0.00000	4256
0.00000	11
0.00000	4150
0.00000	1209
0.00000	4441
0.00000	3848
0.00000	229
0.00000	2844
0.00000	5644
0.00000	3719
0.00000	2534
0.00000	3311
0.00000	4492
0.00000	4419
0.00000	3397
0.00000	2265
0.00000	3896
0.00000	4332
0.00000	4966
0.00000	2933
0.00000	2903
0.00000	4563
0.00000	3226
0.00000	1553
0.00000	4156
0.00000	5118
0.00000	3710
0.00000	2681
0.00000	2355
0.00000	4944
0.00000	443
0.00000	231
0.00000	4565
0.00000	4570
0.00000	2699
0.00000	2566
0.00000	4912
0.00000	4564
0.00000	5476
0.00000	2020
0.00000	3669
0.00000	4638
0.00000	4278
0.00000	4241
0.00000	3738
0.00000	413
0.00000	1311
0.00000	2428
0.00000	456
0.00000	5065
0.00000	4614
0.00000	454
0.00000	457
0.00000	4371
0.00000	3605
0.00000	2307
0.00000	4963
0.00000	4964
0.00000	4965
0.00000	4967
0.00000	1926
0.00000	4615
0.00000	4616
0.00000	1807
0.00000	672
0.00000	5064
0.00000	5314
0.00000	4569
0.00000	5155
0.00000	4585
0.00000	5049
0.00000	3107
0.00000	616
0.00000	721
0.00000	660
0.00000	2571
0.00000	4257
0.00000	3598
0.00000	780
0.00000	5150
0.00000	2107
0.00000	2104
0.00000	3392
0.00000	3964
0.00000	3684
0.00000	401
0.00000	3965
0.00000	5076
0.00000	2522
0.00000	2521
0.00000	2139
0.00000	5302
0.00000	2301
0.00000	5105
0.00000	3900
0.00000	3950
0.00000	4772
0.00000	4422
0.00000	3847
0.00000	2934
0.00000	4364
0.00000	292
0.00000	5157
0.00000	4540
0.00000	3252
0.00000	2177
0.00000	1733
0.00000	4074
0.00000	4812
0.00000	2113
0.00000	1982
0.00000	895
0.00000	4423
0.00000	3682
0.00000	4929
0.00000	3250
0.00000	4128
0.00000	4127
0.00000	4960
0.00000	4779
0.00000	3238
0.00000	3597
0.00000	4778
0.00000	293
0.00000	2293
0.00000	299
0.00000	485
0.00000	985
0.00000	987
0.00000	1981
0.00000	4309
0.00000	4308
0.00000	1134
0.00000	3118
0.00000	1977
0.00000	540
0.00000	2629
0.00000	893
0.00000	418
0.00000	3827
0.00000	400
0.00000	1811
0.00000	435
0.00000	1809
0.00000	4072
0.00000	3021
0.00000	1806
0.00000	1810
0.00000	1813
0.00000	1765
0.00000	4207
0.00000	5231
0.00000	1024
0.00000	3829
0.00000	5438
0.00000	767
0.00000	3670
0.00000	4242
0.00000	4451
0.00000	2914
0.00000	3720
0.00000	958
0.00000	1388
0.00000	4581
0.00000	4535
0.00000	4536
0.00000	643
0.00000	2901
0.00000	1672
0.00000	4981
0.00000	3389
0.00000	3390
0.00000	197
0.00000	3393
0.00000	3391
0.00000	890
0.00000	887
0.00000	888
0.00000	1151
0.00000	2905
0.00000	1760
0.00000	4915
0.00000	53
0.00000	2611
0.00000	5159
0.00000	5123
0.00000	280
0.00000	3251
0.00000	5599
0.00000	1518
0.00000	530
0.00000	533
0.00000	4551
0.00000	2518
0.00000	1366
0.00000	3942
0.00000	2260
0.00000	619
0.00000	1505
0.00000	4279
0.00000	1168
0.00000	2263
0.00000	3253
0.00000	2372
0.00000	2371
0.00000	2369
0.00000	2367
0.00000	2365
0.00000	371
0.00000	4628
0.00000	784
0.00000	2010
0.00000	3930
0.00000	268
0.00000	783
0.00000	965
0.00000	2535
0.00000	3570
0.00000	3718
0.00000	3248
0.00000	744
0.00000	2187
0.00000	4881
0.00000	1030
0.00000	4769
0.00000	2833
0.00000	1889
0.00000	4375
0.00000	2393
0.00000	3574
0.00000	5633
0.00000	3429
0.00000	845
0.00000	1754
0.00000	2491
0.00000	5058
0.00000	4372
0.00000	4374
0.00000	4376
0.00000	4784
0.00000	4526
0.00000	2097
0.00000	749
0.00000	5060
0.00000	5061
0.00000	5062
0.00000	28
0.00000	901
0.00000	5563
0.00000	5564
0.00000	5565
0.00000	2430
0.00000	741
0.00000	4399
0.00000	4401
0.00000	2019
0.00000	3503
0.00000	4541
0.00000	631
0.00000	5275
0.00000	5646
0.00000	2673
0.00000	5638
0.00000	745
0.00000	737
0.00000	742
0.00000	743
0.00000	5845
0.00000	5846
0.00000	3486
0.00000	2981
0.00000	4117
0.00000	4650
0.00000	4651
0.00000	4648
0.00000	4649
0.00000	849
0.00000	4210
0.00000	2806
0.00000	5345
0.00000	4643
0.00000	4251
0.00000	2778
0.00000	3807
0.00000	5066
0.00000	5067
0.00000	5069
0.00000	5453
0.00000	5365
0.00000	5120
0.00000	5119
0.00000	5244
0.00000	3377
0.00000	1503
0.00000	2730
0.00000	3790
0.00000	3792
0.00000	3793
0.00000	3305
0.00000	2731
0.00000	2732
0.00000	5122
0.00000	3856
0.00000	3713
0.00000	3988
0.00000	1037
0.00000	328
0.00000	1914
0.00000	3810
0.00000	5086
0.00000	4355
0.00000	4209
0.00000	4240
0.00000	3811
0.00000	3809
0.00000	4161
0.00000	4162
0.00000	1645
0.00000	283
0.00000	406
0.00000	284
0.00000	287
0.00000	1417
0.00000	1719
0.00000	3929
0.00000	3989
0.00000	4704
0.00000	1666
0.00000	1400
0.00000	3990
0.00000	2005
0.00000	3534
0.00000	3535
0.00000	3533
0.00000	3726
0.00000	514
0.00000	1002
0.00000	4542
0.00000	4543
0.00000	720
0.00000	5212
0.00000	5210
0.00000	5213
0.00000	1999
0.00000	5415
0.00000	3866
0.00000	1092
0.00000	1673
0.00000	1501
0.00000	3589
0.00000	2359
0.00000	3153
0.00000	3625
0.00000	4205
0.00000	234
0.00000	1367
0.00000	4752
0.00000	4208
0.00000	1519
0.00000	3428
0.00000	4362
0.00000	5452
0.00000	5041
0.00000	5039
0.00000	4141
0.00000	2531
0.00000	232
0.00000	233
0.00000	4828
0.00000	4484
0.00000	5640
0.00000	5639
0.00000	1731
0.00000	2290
0.00000	4919
0.00000	4363
0.00000	1035
0.00000	4169
0.00000	4167
0.00000	4168
0.00000	953
0.00000	3323
0.00000	3780
0.00000	708
0.00000	4421
0.00000	4936
0.00000	4937
0.00000	4938
0.00000	4116
0.00000	1471
0.00000	3381
0.00000	3380
0.00000	3379
0.00000	340
0.00000	766
0.00000	772
0.00000	768
0.00000	773
0.00000	4450
0.00000	709
0.00000	4452
0.00000	4449
0.00000	4360
0.00000	5672
0.00000	5873
0.00000	6171
0.00000	1362
0.00000	2204
0.00000	1824
0.00000	5016
0.00000	5138
0.00000	2891
0.00000	5272
0.00000	4119
0.00000	5156
0.00000	3421
0.00000	4262
0.00000	5137
0.00000	5139
0.00000	2767
0.00000	3890
0.00000	2796
0.00000	2918
0.00000	274
0.00000	3003
0.00000	1790
0.00000	4352
0.00000	2676
0.00000	43
0.00000	5974
0.00000	5973
0.00000	2330
0.00000	5589
0.00000	5588
0.00000	5623
0.00000	1878
0.00000	4263
0.00000	5052
0.00000	3889
0.00000	5416
0.00000	492
0.00000	2894
0.00000	3501
0.00000	2675
0.00000	2674
0.00000	5600
0.00000	4333
0.00000	2793
0.00000	4624
0.00000	4734
0.00000	5050
0.00000	4584
0.00000	2090
0.00000	829
0.00000	943
0.00000	3218
0.00000	5036
0.00000	4753
0.00000	4607
0.00000	2473
0.00000	5671
0.00000	3057
0.00000	4533
0.00000	3658
0.00000	3948
0.00000	2858
0.00000	3947
0.00000	2223
0.00000	3370
0.00000	2897
0.00000	2341
0.00000	2907
0.00000	4599
0.00000	3318
0.00000	470
0.00000	664
0.00000	3227
0.00000	5229
0.00000	2881
0.00000	2236
0.00000	1032
0.00000	2585
0.00000	150
0.00000	4943
0.00000	1976
0.00000	1789
0.00000	3207
0.00000	2739
0.00000	2738
0.00000	3549
0.00000	3322
0.00000	3077
0.00000	3050
0.00000	3321
0.00000	3320
0.00000	3317
0.00000	630
0.00000	3438
0.00000	3341
0.00000	4686
0.00000	1944
0.00000	4350
0.00000	4348
0.00000	1650
0.00000	4345
0.00000	4354
0.00000	3737
0.00000	4111
0.00000	3007
0.00000	4741
0.00000	2660
0.00000	4132
0.00000	4353
0.00000	4351
0.00000	4346
0.00000	4347
0.00000	4349
0.00000	3403
0.00000	1598
0.00000	3119
0.00000	3661
0.00000	39
0.00000	3639
0.00000	3644
0.00000	3645
0.00000	3663
0.00000	3664
0.00000	3646
0.00000	3650
0.00000	3666
0.00000	3647
0.00000	3667
0.00000	3651
0.00000	3648
0.00000	3662
0.00000	3640
0.00000	3649
0.00000	3668
0.00000	3652
0.00000	3653
0.00000	3655
0.00000	3656
0.00000	3657
0.00000	3659
0.00000	3641
0.00000	3642
0.00000	3665
0.00000	3643
0.00000	3755
0.00000	2700
0.00000	2889
0.00000	3767
0.00000	1859
0.00000	679
0.00000	1171
0.00000	2890
0.00000	583
0.00000	2704
0.00000	4264
0.00000	5388
0.00000	4211
0.00000	789
0.00000	3384
0.00000	2479
0.00000	4827
0.00000	2740
0.00000	4088
0.00000	1335
0.00000	308
0.00000	2525
0.00000	1139
0.00000	2895
0.00000	460
0.00000	2884
0.00000	115
0.00000	1972
0.00000	4315
0.00000	3433
0.00000	2461
0.00000	2561
0.00000	1085
0.00000	1910
0.00000	3422
0.00000	1881
0.00000	847
0.00000	4678
0.00000	3285
0.00000	244
0.00000	3286
0.00000	3284
0.00000	3287
0.00000	3016
0.00000	3431
0.00000	402
0.00000	3430
0.00000	3425
0.00000	3426
0.00000	3435
0.00000	3434
0.00000	3432
0.00000	3420
0.00000	3437
0.00000	3427
0.00000	3436
0.00000	3424
0.00000	906
0.00000	562
0.00000	1512
0.00000	4176
0.00000	5437
0.00000	2762
0.00000	3306
0.00000	975
0.00000	1908
0.00000	2345
0.00000	4101
0.00000	5685
0.00000	1563
0.00000	2768
0.00000	5100
0.00000	4877
0.00000	4243
0.00000	4244
0.00000	836
0.00000	1166
0.00000	1164
0.00000	5686
0.00000	675
0.00000	2440
0.00000	389
0.00000	4472
0.00000	4098
0.00000	4109
0.00000	2199
0.00000	1345
0.00000	4712
0.00000	2155
0.00000	458
0.00000	1371
0.00000	1958
0.00000	2068
0.00000	3917
0.00000	4783
0.00000	913
0.00000	669
0.00000	3798
0.00000	3788
0.00000	3785
0.00000	3787
0.00000	173
0.00000	4012
0.00000	1655
0.00000	3363
0.00000	3602
0.00000	1290
0.00000	3604
0.00000	3603
0.00000	1971
0.00000	1970
0.00000	1438
0.00000	4133
0.00000	5228
0.00000	941
0.00000	79
0.00000	547
0.00000	1734
0.00000	4160
0.00000	5546
0.00000	939
0.00000	2331
0.00000	1555
0.00000	4646
0.00000	378
0.00000	2886
0.00000	2162
0.00000	480
0.00000	4324
0.00000	4136
0.00000	4758
0.00000	4955
0.00000	1043
0.00000	3202
0.00000	2743
0.00000	83
0.00000	4957
0.00000	5295
0.00000	2364
0.00000	5361
0.00000	4907
0.00000	4906
0.00000	269
0.00000	880
0.00000	5775
0.00000	524
0.00000	2986
0.00000	3759
0.00000	1211
0.00000	2164
0.00000	76
0.00000	4794
0.00000	1943
0.00000	4801
0.00000	1216
0.00000	5788
0.00000	3823
0.00000	1020
0.00000	2854
0.00000	4099
0.00000	4100
0.00000	1872
0.00000	1177
0.00000	4439
0.00000	5074
0.00000	4356
0.00000	3782
0.00000	4853
0.00000	4852
0.00000	2126
0.00000	2129
0.00000	2848
0.00000	2872
0.00000	2788
0.00000	3547
0.00000	6087
0.00000	4770
0.00000	832
0.00000	4655
0.00000	3159
0.00000	3683
0.00000	1094
0.00000	276
0.00000	4469
0.00000	414
0.00000	2995
0.00000	4339
0.00000	169
0.00000	4740
0.00000	3778
0.00000	3273
0.00000	2205
0.00000	3116
0.00000	689
0.00000	3783
0.00000	3784
0.00000	674
0.00000	5321
0.00000	2927
0.00000	1370
0.00000	3491
0.00000	998
0.00000	3716
0.00000	5545
0.00000	5547
0.00000	5548
0.00000	5549
0.00000	842
0.00000	3708
0.00000	4247
0.00000	902
0.00000	4583
0.00000	1010
0.00000	3303
0.00000	678
0.00000	65
0.00000	2128
0.00000	4322
0.00000	2766
0.00000	2769
0.00000	1170
0.00000	3859
0.00000	1767
0.00000	834
0.00000	4742
0.00000	4151
0.00000	2575
0.00000	2103
0.00000	2928
0.00000	3206
0.00000	3208
0.00000	3083
0.00000	5442
0.00000	2246
0.00000	3347
0.00000	5196
0.00000	4872
0.00000	4321
0.00000	2985
0.00000	1888
0.00000	673
0.00000	747
0.00000	3331
0.00000	3111
0.00000	570
0.00000	670
0.00000	3008
0.00000	3005
0.00000	1776
0.00000	3161
0.00000	3160
0.00000	3548
0.00000	3546
0.00000	3478
0.00000	118
0.00000	3594
0.00000	4113
0.00000	5149
0.00000	3928
0.00000	2802
0.00000	1768
0.00000	1590
0.00000	54
0.00000	882
0.00000	1935
0.00000	3511
0.00000	5200
0.00000	373
0.00000	4369
0.00000	3371
0.00000	4914
0.00000	3634
0.00000	4954
0.00000	4956
0.00000	3956
0.00000	153
0.00000	4759
0.00000	5014
0.00000	790
0.00000	486
0.00000	1816
0.00000	474
0.00000	791
0.00000	5634
0.00000	1654
0.00000	4323
0.00000	833
0.00000	4148
0.00000	2887
0.00000	4097
0.00000	4414
0.00000	2329
0.00000	3705
0.00000	2701
0.00000	2702
0.00000	2703
0.00000	1815
0.00000	5386
0.00000	5387
0.00000	5389
0.00000	5390
0.00000	727
0.00000	3067
0.00000	4468
0.00000	4282
0.00000	4039
0.00000	4051
0.00000	632
0.00000	85
0.00000	3815
0.00000	3411
0.00000	157
0.00000	3748
0.00000	4959
0.00000	3508
0.00000	3507
0.00000	3506
0.00000	4470
0.00000	3316
0.00000	5091
0.00000	4149
0.00000	3945
0.00000	798
0.00000	4804
0.00000	1160
0.00000	4757
0.00000	2470
0.00000	3539
0.00000	605
0.00000	3452
0.00000	5449
0.00000	521
0.00000	4710
0.00000	4713
0.00000	4875
0.00000	1984
0.00000	4337
0.00000	5264
0.00000	481
0.00000	1420
0.00000	3519
0.00000	1230
0.00000	843
0.00000	5053
0.00000	479
0.00000	482
0.00000	488
0.00000	2672
0.00000	1274
0.00000	4036
0.00000	4122
0.00000	4183
0.00000	656
0.00000	5075
0.00000	5952
0.00000	4175
0.00000	4397
0.00000	2065
0.00000	3404
0.00000	879
0.00000	885
0.00000	5189
0.00000	1372
0.00000	1142
0.00000	1937
0.00000	1365
0.00000	2878
0.00000	2774
0.00000	3332
0.00000	5301
0.00000	2047
0.00000	4636
0.00000	5748
0.00000	4721
0.00000	3754
0.00000	3757
0.00000	793
0.00000	5747
0.00000	1506
0.00000	1436
0.00000	846
0.00000	3479
0.00000	2944
0.00000	58
0.00000	5194
0.00000	5195
0.00000	5198
0.00000	5193
0.00000	5197
0.00000	1153
0.00000	5343
0.00000	2268
0.00000	3564
0.00000	3887
0.00000	5101
0.00000	4471
0.00000	3221
0.00000	5115
0.00000	1413
0.00000	1146
0.00000	2257
0.00000	14
0.00000	1804
0.00000	2728
0.00000	3979
0.00000	3333
0.00000	3330
0.00000	3537
0.00000	3904
0.00000	4114
0.00000	1941
0.00000	1938
0.00000	2495
0.00000	380
0.00000	4123
0.00000	4945
0.00000	3412
0.00000	1088
0.00000	2046
0.00000	2091
0.00000	1931
0.00000	5467
0.00000	2770
0.00000	5083
0.00000	3325
0.00000	555
0.00000	556
0.00000	4490
0.00000	4548
0.00000	3526
0.00000	2825
0.00000	2102
0.00000	3498
0.00000	4771
0.00000	161
0.00000	4910
0.00000	4911
0.00000	4723
0.00000	3861
0.00000	2044
0.00000	2045
0.00000	160
0.00000	154
0.00000	4949
0.00000	4948
0.00000	4952
0.00000	4249
0.00000	4694
0.00000	4719
0.00000	5283
0.00000	4767
0.00000	4768
0.00000	1549
0.00000	1560
0.00000	931
0.00000	1558
0.00000	5348
0.00000	5181
0.00000	4847
0.00000	1967
0.00000	2478
0.00000	2439
0.00000	794
0.00000	5756
0.00000	5045
0.00000	5046
0.00000	5081
0.00000	1299
0.00000	5619
0.00000	5448
0.00000	5953
0.00000	3142
0.00000	5586
0.00000	1136
0.00000	5585
0.00000	4038
0.00000	4663
0.00000	3944
0.00000	3943
0.00000	4724
0.00000	4722
0.00000	2463
0.00000	2159
0.00000	1278
0.00000	2416
0.00000	5507
0.00000	2163
0.00000	2320
0.00000	4184
0.00000	4182
0.00000	2270
0.00000	5720
0.00000	2527
0.00000	3104
0.00000	4884
0.00000	463
0.00000	5273
0.00000	5274
0.00000	5450
0.00000	3359
0.00000	1439
0.00000	5021
0.00000	1601
0.00000	4463
0.00000	3868
0.00000	1480
0.00000	3565
0.00000	4078
0.00000	3706
0.00000	5719
0.00000	5161
0.00000	4825
0.00000	5201
0.00000	3314
0.00000	5022
0.00000	4034
0.00000	4357
0.00000	4358
0.00000	4973
0.00000	2146
0.00000	5267
0.00000	4691
0.00000	4675
0.00000	5604
0.00000	3912
0.00000	5117
0.00000	5114
0.00000	5482
0.00000	801
0.00000	3315
0.00000	3313
0.00000	5481
0.00000	5480
0.00000	5478
0.00000	5479
0.00000	4893
0.00000	4600
0.00000	3954
0.00000	3957
0.00000	3952
0.00000	3955
0.00000	5971
0.00000	5972
0.00000	4602
0.00000	4601
0.00000	5583
0.00000	1348
0.00000	4458
0.00000	579
0.00000	4572
0.00000	4576
0.00000	4575
0.00000	4574
0.00000	3271
0.00000	2286
0.00000	5429
0.00000	3796
0.00000	5937
0.00000	5938
0.00000	5939
0.00000	3744
0.00000	3745
0.00000	3746
0.00000	3747
0.00000	1269
0.00000	1987
0.00000	3473
0.00000	4336
0.00000	5601
0.00000	3512
0.00000	3510
0.00000	5578
0.00000	2938
0.00000	3223
0.00000	2112
0.00000	3217
0.00000	4731
0.00000	3601
0.00000	1141
0.00000	4411
0.00000	4690
0.00000	4692
0.00000	223
0.00000	4491
0.00000	620
0.00000	2797
0.00000	3240
0.00000	3239
0.00000	5553
0.00000	1720
0.00000	4305
0.00000	1799
0.00000	2095
0.00000	2328
0.00000	4969
0.00000	4882
0.00000	3094
0.00000	1822
0.00000	1401
0.00000	4930
0.00000	2230
0.00000	1248
0.00000	2937
0.00000	2939
0.00000	2803
0.00000	4338
0.00000	4340
0.00000	3145
0.00000	3143
0.00000	5141
0.00000	2970
0.00000	4052
0.00000	1727
0.00000	1725
0.00000	3775
0.00000	1618
0.00000	3191
0.00000	5300
0.00000	3480
0.00000	4134
0.00000	504
0.00000	5146
0.00000	5147
0.00000	5148
0.00000	3536
0.00000	3540
0.00000	3555
0.00000	1107
0.00000	3795
0.00000	3481
0.00000	5337
0.00000	1986
0.00000	1991
0.00000	2716
0.00000	5420
0.00000	5419
0.00000	2900
0.00000	4040
0.00000	830
0.00000	2299
0.00000	4135
0.00000	3441
0.00000	4410
0.00000	4409
0.00000	2846
0.00000	2175
0.00000	1152
0.00000	5510
0.00000	4988
0.00000	4788
0.00000	2898
0.00000	3606
0.00000	5282
0.00000	1256
0.00000	3825
0.00000	3824
0.00000	1661
0.00000	1747
0.00000	2251
0.00000	5980
0.00000	3742
0.00000	4486
0.00000	4826
0.00000	3477
0.00000	3483
0.00000	3482
0.00000	5534
0.00000	5536
0.00000	2092
0.00000	4916
0.00000	3442
0.00000	5535
0.00000	1443
0.00000	5533
0.00000	6091
0.00000	4488
0.00000	705
0.00000	4121
0.00000	2717
0.00000	5107
0.00000	5108
0.00000	99
0.00000	831
0.00000	4982
0.00000	4983
0.00000	5376
0.00000	5142
0.00000	2507
0.00000	2902
0.00000	1685
0.00000	471
0.00000	475
0.00000	5145
0.00000	5143
0.00000	5144
0.00000	959
0.00000	851
0.00000	2574
0.00000	5682
0.00000	5687
0.00000	5683
0.00000	5684
0.00000	5681
0.00000	5094
0.00000	3092
0.00000	3740
0.00000	4096
0.00000	1755
0.00000	4297
0.00000	4290
0.00000	5316
0.00000	728
0.00000	5186
0.00000	3043
0.00000	3041
0.00000	3042
0.00000	3040
0.00000	5013
0.00000	5015
0.00000	564
0.00000	3388
0.00000	4811
0.00000	1714
0.00000	2220
0.00000	3387
0.00000	1572
0.00000	1576
0.00000	565
0.00000	569
0.00000	4499
0.00000	5092
0.00000	5095
0.00000	5093
0.00000	3095
0.00000	4892
0.00000	5469
0.00000	1116
0.00000	5470
0.00000	5000
0.00000	4774
0.00000	4773
0.00000	1630
0.00000	4453
0.00000	1615
0.00000	509
0.00000	5313
0.00000	5261
0.00000	272
0.00000	4739
0.00000	2693
0.00000	170
0.00000	1214
0.00000	2557
0.00000	1632
0.00000	1271
0.00000	4979
0.00000	5887
0.00000	407
0.00000	1610
0.00000	2909
0.00000	4633
0.00000	4634
0.00000	3609
0.00000	318
0.00000	5182
0.00000	314
0.00000	4296
0.00000	4687
0.00000	2468
0.00000	2363
0.00000	2826
0.00000	3150
0.00000	3151
0.00000	3152
0.00000	67
0.00000	4677
0.00000	2245
0.00000	1604
0.00000	3531
0.00000	4415
0.00000	1882
0.00000	3236
0.00000	4320
0.00000	1091
0.00000	4430
0.00000	379
0.00000	1279
0.00000	3076
0.00000	2342
0.00000	2340
0.00000	2339
0.00000	4327
0.00000	4394
0.00000	4396
0.00000	1635
0.00000	1488
0.00000	61
0.00000	2161
0.00000	2753
0.00000	4444
0.00000	372
0.00000	374
0.00000	375
0.00000	4867
0.00000	4856
0.00000	4857
0.00000	2860
0.00000	839
0.00000	3293
0.00000	3091
0.00000	5102
0.00000	5717
0.00000	2556
0.00000	383
0.00000	1251
0.00000	5096
0.00000	384
0.00000	5262
0.00000	5260
0.00000	5241
0.00000	1268
0.00000	1270
0.00000	5099
0.00000	4673
0.00000	4674
0.00000	6252
0.00000	6251
0.00000	6250
0.00000	6249
0.00000	5204
0.00000	5202
0.00000	5203
0.00000	2754
0.00000	1477
0.00000	1550
0.00000	1346
0.00000	489
0.00000	3828
0.00000	3830
0.00000	3831
0.00000	3832
0.00000	5291
0.00000	4177
0.00000	2587
0.00000	360
0.00000	1676
0.00000	5509
0.00000	1229
0.00000	2373
0.00000	4682
0.00000	1133
0.00000	2684
0.00000	5152
0.00000	1106
0.00000	5151
0.00000	5153
0.00000	642
0.00000	3712
0.00000	5185
0.00000	5281
0.00000	634
0.00000	4503
0.00000	4179
0.00000	4178
0.00000	4824
0.00000	5927
0.00000	5929
0.00000	5928
0.00000	1369
0.00000	2559
0.00000	205
0.00000	1874
0.00000	1875
0.00000	1871
0.00000	1046
0.00000	1045
0.00000	5771
0.00000	5769
0.00000	5772
0.00000	5770
0.00000	5349
0.00000	4076
0.00000	4079
0.00000	1965
0.00000	1964
0.00000	1966
0.00000	1352
0.00000	3814
0.00000	3816
0.00000	1284
0.00000	993
0.00000	1138
0.00000	2930
0.00000	1933
0.00000	2926
0.00000	2929
0.00000	5230
0.00000	3089
0.00000	5227
0.00000	5226
0.00000	5028
0.00000	5612
0.00000	4886
0.00000	4887
0.00000	34
0.00000	1552
0.00000	1419
0.00000	1930
0.00000	5593
0.00000	4829
0.00000	4830
0.00000	2101
0.00000	2100
0.00000	4124
0.00000	4092
0.00000	3361
0.00000	3360
0.00000	1551
0.00000	2419
0.00000	3090
0.00000	4697
0.00000	4699
0.00000	4698
0.00000	4445
0.00000	3243
0.00000	4613
0.00000	646
0.00000	1599
0.00000	4483
0.00000	2686
0.00000	5591
0.00000	5592
0.00000	2555
0.00000	3084
0.00000	5932
0.00000	5930
0.00000	2851
0.00000	1124
0.00000	5804
0.00000	5803
0.00000	5613
0.00000	5494
0.00000	2968
0.00000	4382
0.00000	87
0.00000	5396
0.00000	1341
0.00000	638
0.00000	2647
0.00000	4482
0.00000	4481
0.00000	3697
0.00000	5373
0.00000	3764
0.00000	5287
0.00000	5089
0.00000	2742
0.00000	2741
0.00000	1585
0.00000	3532
0.00000	2158
0.00000	746
0.00000	4978
0.00000	4958
0.00000	4751
0.00000	4814
0.00000	3158
0.00000	2437
0.00000	2436
0.00000	2434
0.00000	2435
0.00000	2438
0.00000	640
0.00000	4461
0.00000	4504
0.00000	195
0.00000	4888
0.00000	5412
0.00000	4817
0.00000	4816
0.00000	2857
0.00000	6120
0.00000	6119
0.00000	2232
0.00000	6255
0.00000	6257
0.00000	6256
0.00000	4155
0.00000	4718
0.00000	4303
0.00000	168
0.00000	2233
0.00000	613
0.00000	4841
0.00000	3047
0.00000	4775
0.00000	4777
0.00000	2718
0.00000	166
0.00000	3922
0.00000	5427
0.00000	2141
0.00000	1356
0.00000	2217
0.00000	5304
0.00000	2714
0.00000	2715
0.00000	3372
0.00000	5103
0.00000	2980
0.00000	5332
0.00000	5331
0.00000	4073
0.00000	3600
0.00000	1309
0.00000	4028
0.00000	2850
0.00000	1096
0.00000	2591
0.00000	2590
0.00000	2589
0.00000	1802
0.00000	2969
0.00000	2993
0.00000	610
0.00000	3009
0.00000	611
0.00000	608
0.00000	615
0.00000	5894
0.00000	5892
0.00000	5893
0.00000	5891
0.00000	2586
0.00000	4335
0.00000	3450
0.00000	3451
0.00000	3454
0.00000	2873
0.00000	5221
0.00000	4388
0.00000	1642
0.00000	221
0.00000	3941
0.00000	3939
0.00000	3938
0.00000	3940
0.00000	3180
0.00000	3203
0.00000	4838
0.00000	3552
0.00000	4417
0.00000	4416
0.00000	3919
0.00000	2908
0.00000	3369
0.00000	4836
0.00000	4837
0.00000	1614
0.00000	4976
0.00000	4975
0.00000	2296
0.00000	4545
0.00000	3523
0.00000	2963
0.00000	2967
0.00000	2962
0.00000	1624
0.00000	5426
0.00000	3272
0.00000	4870
0.00000	2240
0.00000	5078
0.00000	5079
0.00000	1281
0.00000	5097
0.00000	5098
0.00000	996
0.00000	3542
0.00000	2496
0.00000	5477
0.00000	1791
0.00000	4578
0.00000	2910
0.00000	5279
0.00000	5280
0.00000	3584
0.00000	1154
0.00000	2876
0.00000	3760
0.00000	1752
0.00000	446
0.00000	5369
0.00000	5263
0.00000	3086
0.00000	5413
0.00000	5581
0.00000	827
0.00000	2800
0.00000	2801
0.00000	841
0.00000	5305
0.00000	2644
0.00000	95
0.00000	4732
0.00000	5917
0.00000	933
0.00000	1735
0.00000	4799
0.00000	2346
0.00000	2352
0.00000	2351
0.00000	2467
0.00000	2469
0.00000	5617
0.00000	5726
0.00000	5728
0.00000	5727
0.00000	724
0.00000	4940
0.00000	4137
0.00000	4104
0.00000	4185
0.00000	4126
0.00000	3620
0.00000	5607
0.00000	3069
0.00000	5608
0.00000	5610
0.00000	5609
0.00000	5606
0.00000	1145
0.00000	1147
0.00000	1148
0.00000	1149
0.00000	2573
0.00000	2922
0.00000	4977
0.00000	1276
0.00000	1285
0.00000	1282
0.00000	1277
0.00000	1283
0.00000	5399
0.00000	5400
0.00000	5401
0.00000	5402
0.00000	1862
0.00000	5462
0.00000	6049
0.00000	3804
0.00000	5911
0.00000	5587
0.00000	3245
0.00000	1617
0.00000	3544
0.00000	4485
0.00000	3262
0.00000	2694
0.00000	5703
0.00000	1757
0.00000	6070
0.00000	1597
0.00000	5813
0.00000	5812
0.00000	4095
0.00000	3741
0.00000	5525
0.00000	3035
0.00000	4043
0.00000	657
0.00000	4495
0.00000	4497
0.00000	4498
0.00000	4496
0.00000	4494
0.00000	5715
0.00000	4611
0.00000	4612
0.00000	3987
0.00000	5718
0.00000	5716
0.00000	12
0.00000	16
0.00000	19
0.00000	1210
0.00000	1215
0.00000	2777
0.00000	204
0.00000	4905
0.00000	5322
0.00000	130
0.00000	315
0.00000	3496
0.00000	2550
0.00000	5218
0.00000	5219
0.00000	5217
0.00000	716
0.00000	4387
0.00000	2503
0.00000	1513
0.00000	1109
0.00000	5582
0.00000	2659
0.00000	4050
0.00000	3197
0.00000	3527
0.00000	2668
0.00000	5341
0.00000	2698
0.00000	5340
0.00000	2874
0.00000	5621
0.00000	5622
0.00000	3696
0.00000	1331
0.00000	4821
0.00000	2235
0.00000	5360
0.00000	5359
0.00000	3214
0.00000	5366
0.00000	1694
0.00000	1863
0.00000	4044
0.00000	680
0.00000	1411
0.00000	1384
0.00000	5706
0.00000	5707
0.00000	5705
0.00000	3189
0.00000	5310
0.00000	4990
0.00000	4989
0.00000	3209
0.00000	3492
0.00000	3494
0.00000	3493
0.00000	967
0.00000	4003
0.00000	3758
0.00000	3763
0.00000	2252
0.00000	1250
0.00000	1743
0.00000	5485
0.00000	5486
0.00000	2691
0.00000	3985
0.00000	3986
0.00000	2250
0.00000	5012
0.00000	5184
0.00000	3762
0.00000	3761
0.00000	5205
0.00000	4228
0.00000	4407
0.00000	3545
0.00000	2452
0.00000	5410
0.00000	5409
0.00000	5408
0.00000	5909
0.00000	3048
0.00000	2696
0.00000	2692
0.00000	5342
0.00000	4974
0.00000	4726
0.00000	201
0.00000	207
0.00000	4725
0.00000	2775
0.00000	5988
0.00000	1202
0.00000	3348
0.00000	2501
0.00000	1422
0.00000	6108
0.00000	6181
0.00000	5024
0.00000	5025
0.00000	3045
0.00000	3049
0.00000	4933
0.00000	4932
0.00000	5384
0.00000	5385
0.00000	68
0.00000	5005
0.00000	5006
0.00000	5007
0.00000	4803
0.00000	4756
0.00000	2564
0.00000	5191
0.00000	2679
0.00000	2945
0.00000	2946
0.00000	2947
0.00000	5183
0.00000	5190
0.00000	5187
0.00000	5188
0.00000	5471
0.00000	5472
0.00000	5344
0.00000	3638
0.00000	4716
0.00000	2678
0.00000	3765
0.00000	2669
0.00000	4606
0.00000	5492
0.00000	5875
0.00000	5878
0.00000	5877
0.00000	5874
0.00000	5876
0.00000	3022
0.00000	2829
0.00000	2539
0.00000	1577
0.00000	5266
0.00000	2680
0.00000	2682
0.00000	5815
0.00000	2780
0.00000	5632
0.00000	4717
0.00000	1679
0.00000	523
0.00000	5631
0.00000	5620
0.00000	1710
0.00000	5233
0.00000	5234
0.00000	5232
0.00000	2153
0.00000	3446
0.00000	361
0.00000	4662
0.00000	4294
0.00000	5735
0.00000	5736
0.00000	5737
0.00000	2238
0.00000	5240
0.00000	2242
0.00000	2239
0.00000	4708
0.00000	4707
0.00000	3264
0.00000	3268
0.00000	3267
0.00000	3265
0.00000	3263
0.00000	5323
0.00000	4102
0.00000	4913
0.00000	1440
0.00000	5245
0.00000	5296
0.00000	4645
0.00000	4968
0.00000	3355
0.00000	3449
0.00000	5657
0.00000	4377
0.00000	5378
0.00000	5133
0.00000	5136
0.00000	5135
0.00000	5134
0.00000	4755
0.00000	5242
0.00000	5243
0.00000	5888
0.00000	5178
0.00000	5104
0.00000	981
0.00000	349
0.00000	5292
0.00000	713
0.00000	5294
0.00000	5297
0.00000	6236
0.00000	1363
0.00000	1368
0.00000	4879
0.00000	2154
0.00000	4366
0.00000	1375
0.00000	4378
0.00000	4379
0.00000	1761
0.00000	1127
0.00000	1932
0.00000	5872
0.00000	270
0.00000	5871
0.00000	5487
0.00000	5785
0.00000	5786
0.00000	5787
0.00000	5339
0.00000	907
0.00000	2626
0.00000	5882
0.00000	5908
0.00000	5906
0.00000	1665
0.00000	5907
0.00000	5618
0.00000	3709
0.00000	1794
0.00000	4883
0.00000	3269
0.00000	4112
0.00000	4588
0.00000	4532
0.00000	853
0.00000	4591
0.00000	5110
0.00000	5656
0.00000	5614
0.00000	600
0.00000	4392
0.00000	4390
0.00000	4391
0.00000	4389
0.00000	5425
0.00000	1925
0.00000	645
0.00000	2357
0.00000	3256
0.00000	4559
0.00000	4227
0.00000	3554
0.00000	4398
0.00000	5858
0.00000	854
0.00000	4921
0.00000	4685
0.00000	952
0.00000	3571
0.00000	5422
0.00000	5421
0.00000	526
0.00000	5655
0.00000	4042
0.00000	5222
0.00000	1421
0.00000	5460
0.00000	5459
0.00000	683
0.00000	2978
0.00000	4961
0.00000	1927
0.00000	1924
0.00000	4702
0.00000	5254
0.00000	4920
0.00000	1629
0.00000	1721
0.00000	912
0.00000	5814
0.00000	687
0.00000	688
0.00000	4654
0.00000	3632
0.00000	5724
0.00000	5441
0.00000	4538
0.00000	4537
0.00000	5528
0.00000	5966
0.00000	6166
0.00000	6022
0.00000	5395
0.00000	6159
0.00000	6161
0.00000	6160
0.00000	6164
0.00000	6162
0.00000	6163
0.00000	6157
0.00000	6158
0.00000	6165
0.00000	3013
0.00000	3012
0.00000	3011
0.00000	4265
0.00000	2545
0.00000	3087
0.00000	3751
0.00000	3753
0.00000	1081
0.00000	466
0.00000	5285
0.00000	5580
0.00000	2444
0.00000	3633
0.00000	4001
0.00000	6038
0.00000	6037
0.00000	6036
0.00000	47
0.00000	4656
0.00000	5324
0.00000	5326
0.00000	3034
0.00000	4998
0.00000	3184
0.00000	978
0.00000	2247
0.00000	3621
0.00000	5176
0.00000	5158
0.00000	722
0.00000	951
0.00000	1588
0.00000	1172
0.00000	5082
0.00000	4809
0.00000	3920
0.00000	467
0.00000	465
0.00000	461
0.00000	1716
0.00000	5508
0.00000	4931
0.00000	3015
0.00000	4508
0.00000	5757
0.00000	181
0.00000	4703
0.00000	4700
0.00000	4701
0.00000	3739
0.00000	3291
0.00000	3294
0.00000	2514
0.00000	623
0.00000	5216
0.00000	5214
0.00000	5215
0.00000	3515
0.00000	4590
0.00000	5792
0.00000	2000
0.00000	5790
0.00000	5791
0.00000	5793
0.00000	5789
0.00000	5794
0.00000	84
0.00000	6001
0.00000	5883
0.00000	4610
0.00000	4609
0.00000	2713
0.00000	4647
0.00000	6000
0.00000	1373
0.00000	5529
0.00000	4848
0.00000	48
0.00000	4447
0.00000	4942
0.00000	5981
0.00000	5982
0.00000	4941
0.00000	3991
0.00000	3623
0.00000	3622
0.00000	4903
0.00000	1818
0.00000	2120
0.00000	5527
0.00000	508
0.00000	5393
0.00000	5531
0.00000	5532
0.00000	5199
0.00000	4245
0.00000	4510
0.00000	5779
0.00000	4592
0.00000	4268
0.00000	5308
0.00000	4276
0.00000	5309
0.00000	2117
0.00000	2121
0.00000	2118
0.00000	2116
0.00000	5457
0.00000	5458
0.00000	1855
0.00000	4992
0.00000	5776
0.00000	5778
0.00000	5780
0.00000	5777
0.00000	2899
0.00000	4558
0.00000	4901
0.00000	4902
0.00000	4900
0.00000	1578
0.00000	2782
0.00000	4474
0.00000	5382
0.00000	5383
0.00000	2924
0.00000	2921
0.00000	1191
0.00000	2920
0.00000	2003
0.00000	2009
0.00000	1826
0.00000	4962
0.00000	1769
0.00000	1774
0.00000	1771
0.00000	1009
0.00000	3674
0.00000	4174
0.00000	5432
0.00000	4370
0.00000	4029
0.00000	4027
0.00000	4593
0.00000	5696
0.00000	5697
0.00000	5695
0.00000	1192
0.00000	5896
0.00000	1893
0.00000	2828
0.00000	4750
0.00000	3024
0.00000	4823
0.00000	4556
0.00000	4560
0.00000	4557
0.00000	4562
0.00000	4561
0.00000	4849
0.00000	4850
0.00000	4851
0.00000	5567
0.00000	5299
0.00000	5837
0.00000	5710
0.00000	5713
0.00000	5711
0.00000	5712
0.00000	5253
0.00000	5252
0.00000	5259
0.00000	5258
0.00000	5256
0.00000	5257
0.00000	5255
0.00000	5380
0.00000	1310
0.00000	89
0.00000	3406
0.00000	2627
0.00000	3517
0.00000	1993
0.00000	4266
0.00000	4733
0.00000	4267
0.00000	4269
0.00000	1819
0.00000	1820
0.00000	3210
0.00000	4489
0.00000	4810
0.00000	5616
0.00000	4780
0.00000	4790
0.00000	4808
0.00000	27
0.00000	577
0.00000	580
0.00000	602
0.00000	4186
0.00000	218
0.00000	2460
0.00000	2459
0.00000	2454
0.00000	2458
0.00000	2457
0.00000	2455
0.00000	1236
0.00000	1234
0.00000	5627
0.00000	5626
0.00000	4171
0.00000	5111
0.00000	5109
0.00000	5113
0.00000	5112
0.00000	2511
0.00000	662
0.00000	663
0.00000	1627
0.00000	6080
0.00000	5731
0.00000	5306
0.00000	5307
0.00000	4987
0.00000	5433
0.00000	5430
0.00000	5431
0.00000	5440
0.00000	5439
0.00000	1015
0.00000	1508
0.00000	1514
0.00000	1510
0.00000	5781
0.00000	4467
0.00000	5698
0.00000	5701
0.00000	5699
0.00000	5700
0.00000	5782
0.00000	1715
0.00000	4985
0.00000	4984
0.00000	3270
0.00000	4797
0.00000	5445
0.00000	5446
0.00000	5443
0.00000	5444
0.00000	6011
0.00000	5811
0.00000	4999
0.00000	3711
0.00000	4747
0.00000	4749
0.00000	4748
0.00000	1739
0.00000	5636
0.00000	3864
0.00000	5615
0.00000	599
0.00000	5320
0.00000	3873
0.00000	3872
0.00000	3870
0.00000	3869
0.00000	5850
0.00000	3128
0.00000	2447
0.00000	3867
0.00000	3088
0.00000	1616
0.00000	2110
0.00000	2109
0.00000	1131
0.00000	5526
0.00000	6010
0.00000	6009
0.00000	6008
0.00000	362
0.00000	2485
0.00000	196
0.00000	4420
0.00000	4805
0.00000	4807
0.00000	4115
0.00000	5010
0.00000	5011
0.00000	2530
0.00000	3913
0.00000	3707
0.00000	5398
0.00000	4328
0.00000	5071
0.00000	5070
0.00000	5514
0.00000	5521
0.00000	5515
0.00000	5513
0.00000	3254
0.00000	3255
0.00000	4993
0.00000	5576
0.00000	4991
0.00000	4994
0.00000	2727
0.00000	2725
0.00000	4672
0.00000	4671
0.00000	2533
0.00000	6292
0.00000	6294
0.00000	6295
0.00000	6293
0.00000	2541
0.00000	5298
0.00000	5828
0.00000	1682
0.00000	3356
0.00000	5364
0.00000	5363
0.00000	5362
0.00000	617
0.00000	5827
0.00000	6072
0.00000	226
0.00000	5797
0.00000	5541
0.00000	5795
0.00000	409
0.00000	4580
0.00000	4187
0.00000	3025
0.00000	3026
0.00000	5392
0.00000	655
0.00000	6096
0.00000	4418
0.00000	4310
0.00000	2804
0.00000	5225
0.00000	5223
0.00000	3190
0.00000	1594
0.00000	3440
0.00000	4432
0.00000	5654
0.00000	4819
0.00000	4820
0.00000	4274
0.00000	1667
0.00000	4385
0.00000	4384
0.00000	4386
0.00000	3054
0.00000	5555
0.00000	5493
0.00000	4383
0.00000	4381
0.00000	3020
0.00000	1595
0.00000	5073
0.00000	6098
0.00000	5523
0.00000	6279
0.00000	5835
0.00000	5524
0.00000	1600
0.00000	3504
0.00000	5454
0.00000	5455
0.00000	5754
0.00000	3857
0.00000	1641
0.00000	5084
0.00000	2487
0.00000	1611
0.00000	1686
0.00000	1687
0.00000	2484
0.00000	2482
0.00000	2483
0.00000	5844
0.00000	729
0.00000	735
0.00000	734
0.00000	5543
0.00000	5544
0.00000	1821
0.00000	588
0.00000	5530
0.00000	923
0.00000	33
0.00000	4311
0.00000	2488
0.00000	3181
0.00000	6046
0.00000	4442
0.00000	6045
0.00000	6042
0.00000	6044
0.00000	6043
0.00000	6047
0.00000	6048
0.00000	1612
0.00000	1613
0.00000	5860
0.00000	5861
0.00000	5862
0.00000	1405
0.00000	5859
0.00000	5397
0.00000	2140
0.00000	3085
0.00000	4813
0.00000	1102
0.00000	5658
0.00000	5659
0.00000	5517
0.00000	5516
0.00000	4555
0.00000	1078
0.00000	4554
0.00000	5456
0.00000	3628
0.00000	3624
0.00000	3627
0.00000	3130
0.00000	3131
0.00000	1995
0.00000	1998
0.00000	1996
0.00000	5286
0.00000	2316
0.00000	2315
0.00000	2318
0.00000	1796
0.00000	6102
0.00000	275
0.00000	5637
0.00000	5605
0.00000	1254
0.00000	1253
0.00000	1057
0.00000	5635
0.00000	5725
0.00000	6263
0.00000	6265
0.00000	6262
0.00000	6270
0.00000	6267
0.00000	6266
0.00000	6264
0.00000	6269
0.00000	6268
0.00000	497
0.00000	4796
0.00000	4918
0.00000	4947
0.00000	4946
0.00000	1729
0.00000	5662
0.00000	5661
0.00000	5665
0.00000	5667
0.00000	5666
0.00000	5669
0.00000	5668
0.00000	5663
0.00000	5664
0.00000	5660
0.00000	1751
0.00000	6133
0.00000	6132
0.00000	6131
0.00000	5723
0.00000	3222
0.00000	1355
0.00000	4013
0.00000	4365
0.00000	5721
0.00000	5722
0.00000	3704
0.00000	3703
0.00000	5087
0.00000	2549
0.00000	4843
0.00000	4842
0.00000	1619
0.00000	1360
0.00000	1357
0.00000	5268
0.00000	5784
0.00000	3770
0.00000	5996
0.00000	5995
0.00000	5994
0.00000	5993
0.00000	5704
0.00000	4188
0.00000	90
0.00000	88
0.00000	4457
0.00000	5766
0.00000	5799
0.00000	5498
0.00000	1586
0.00000	1593
0.00000	3899
0.00000	3898
0.00000	2836
0.00000	5577
0.00000	5594
0.00000	5801
0.00000	4443
0.00000	1130
0.00000	4283
0.00000	5072
0.00000	2560
0.00000	1500
0.00000	4760
0.00000	5247
0.00000	4246
0.00000	5269
0.00000	4996
0.00000	104
0.00000	4715
0.00000	2156
0.00000	1126
0.00000	1125
0.00000	1128
0.00000	3444
0.00000	3443
0.00000	3445
0.00000	3447
0.00000	5630
0.00000	3135
0.00000	5542
0.00000	1155
0.00000	1159
0.00000	3518
0.00000	4505
0.00000	4506
0.00000	4509
0.00000	5822
0.00000	5821
0.00000	5820
0.00000	1883
0.00000	3805
0.00000	1736
0.00000	1737
0.00000	5950
0.00000	5951
0.00000	5948
0.00000	5947
0.00000	5949
0.00000	5579
0.00000	5898
0.00000	5899
0.00000	5897
0.00000	2991
0.00000	3154
0.00000	3155
0.00000	3157
0.00000	3802
0.00000	3803
0.00000	3799
0.00000	3800
0.00000	6140
0.00000	6141
0.00000	6142
0.00000	2912
0.00000	5798
0.00000	1416
0.00000	5077
0.00000	2025
0.00000	4524
0.00000	4527
0.00000	4529
0.00000	4521
0.00000	4528
0.00000	4531
0.00000	4523
0.00000	4522
0.00000	4530
0.00000	4525
0.00000	5055
0.00000	5054
0.00000	5248
0.00000	5249
0.00000	2450
0.00000	5945
0.00000	5944
0.00000	5946
0.00000	42
0.00000	139
0.00000	4597
0.00000	5265
0.00000	4582
0.00000	4271
0.00000	3877
0.00000	1841
0.00000	1843
0.00000	1844
0.00000	5734
0.00000	3051
0.00000	5694
0.00000	5691
0.00000	5693
0.00000	5692
0.00000	2855
0.00000	2856
0.00000	935
0.00000	3502
0.00000	5838
0.00000	5836
0.00000	3500
0.00000	5026
0.00000	5027
0.00000	3476
0.00000	4108
0.00000	4106
0.00000	5810
0.00000	5809
0.00000	5037
0.00000	302
0.00000	5957
0.00000	5956
0.00000	5802
0.00000	5168
0.00000	6182
0.00000	5043
0.00000	4475
0.00000	5574
0.00000	5573
0.00000	5575
0.00000	1953
0.00000	5595
0.00000	5596
0.00000	5597
0.00000	5598
0.00000	1880
0.00000	512
0.00000	3018
0.00000	5826
0.00000	3279
0.00000	4429
0.00000	5690
0.00000	5689
0.00000	5839
0.00000	5922
0.00000	5504
0.00000	4253
0.00000	4255
0.00000	4252
0.00000	5800
0.00000	5379
0.00000	5377
0.00000	5842
0.00000	5843
0.00000	5841
0.00000	5975
0.00000	2297
0.00000	3909
0.00000	3910
0.00000	3911
0.00000	5411
0.00000	273
0.00000	277
0.00000	278
0.00000	3302
0.00000	5765
0.00000	4696
0.00000	6065
0.00000	6064
0.00000	6063
0.00000	4462
0.00000	5652
0.00000	5651
0.00000	5650
0.00000	5649
0.00000	5648
0.00000	5647
0.00000	2883
0.00000	5762
0.00000	5760
0.00000	5761
0.00000	5759
0.00000	5169
0.00000	5251
0.00000	1292
0.00000	2807
0.00000	4798
0.00000	5905
0.00000	5904
0.00000	1795
0.00000	4139
0.00000	4637
0.00000	4511
0.00000	5643
0.00000	5921
0.00000	5250
0.00000	5831
0.00000	5832
0.00000	5833
0.00000	5834
0.00000	1104
0.00000	5865
0.00000	5864
0.00000	5863
0.00000	954
0.00000	956
0.00000	4833
0.00000	4831
0.00000	1266
0.00000	4832
0.00000	5857
0.00000	5856
0.00000	5918
0.00000	4598
0.00000	5732
0.00000	5852
0.00000	4466
0.00000	5733
0.00000	6041
0.00000	3148
0.00000	5288
0.00000	6233
0.00000	5562
0.00000	4454
0.00000	4456
0.00000	4642
0.00000	1174
0.00000	603
0.00000	4514
0.00000	4513
0.00000	2979
0.00000	2983
0.00000	5750
0.00000	5755
0.00000	5753
0.00000	5751
0.00000	5752
0.00000	5714
0.00000	6137
0.00000	701
0.00000	2879
0.00000	2882
0.00000	2877
0.00000	1836
0.00000	4997
0.00000	3195
0.00000	5954
0.00000	5955
0.00000	4448
0.00000	185
0.00000	186
0.00000	189
0.00000	188
0.00000	5989
0.00000	5560
0.00000	5561
0.00000	5559
0.00000	5556
0.00000	6095
0.00000	5330
0.00000	5329
0.00000	5991
0.00000	5985
0.00000	5984
0.00000	5983
0.00000	5990
0.00000	5986
0.00000	5987
0.00000	3378
0.00000	5829
0.00000	438
0.00000	5830
0.00000	4473
0.00000	5866
0.00000	5867
0.00000	5611
0.00000	6099
0.00000	5290
0.00000	6094
0.00000	6097
0.00000	3556
0.00000	2992
0.00000	515
0.00000	5902
0.00000	5903
0.00000	511
0.00000	1343
0.00000	5702
0.00000	3351
0.00000	4325
0.00000	4460
0.00000	1633
0.00000	3875
0.00000	3878
0.00000	3876
0.00000	5557
0.00000	5558
0.00000	1079
0.00000	1076
0.00000	1340
0.00000	1344
0.00000	3774
0.00000	3776
0.00000	3773
0.00000	1013
0.00000	1011
0.00000	1012
0.00000	1014
0.00000	5817
0.00000	6060
0.00000	6059
0.00000	5346
0.00000	5347
0.00000	5730
0.00000	220
0.00000	225
0.00000	2012
0.00000	4869
0.00000	5768
0.00000	5447
0.00000	1058
0.00000	3561
0.00000	3559
0.00000	3560
0.00000	3567
0.00000	4594
0.00000	4596
0.00000	4595
0.00000	1407
0.00000	2919
0.00000	2917
0.00000	5495
0.00000	3044
0.00000	2506
0.00000	2526
0.00000	2542
0.00000	5824
0.00000	5825
0.00000	5901
0.00000	3514
0.00000	3513
0.00000	4110
0.00000	4632
0.00000	5910
0.00000	5641
0.00000	5819
0.00000	5818
0.00000	5271
0.00000	5270
0.00000	1261
0.00000	5506
0.00000	1605
0.00000	4995
0.00000	5464
0.00000	5465
0.00000	5466
0.00000	5900
0.00000	1082
0.00000	601
0.00000	5920
0.00000	1838
0.00000	4971
0.00000	4972
0.00000	1622
0.00000	1621
0.00000	1623
0.00000	4125
0.00000	5970
0.00000	2144
0.00000	2142
0.00000	2145
0.00000	1220
0.00000	4157
0.00000	6287
0.00000	5914
0.00000	5915
0.00000	3276
0.00000	6300
0.00000	625
0.00000	624
0.00000	622
0.00000	618
0.00000	5962
0.00000	2172
0.00000	1114
0.00000	2174
0.00000	2171
0.00000	5246
0.00000	300
0.00000	1646
0.00000	1643
0.00000	2565
0.00000	2567
0.00000	6005
0.00000	4579
0.00000	1404
0.00000	6282
0.00000	6283
0.00000	927
0.00000	36
0.00000	4782
0.00000	5624
0.00000	5625
0.00000	6286
0.00000	6285
0.00000	6288
0.00000	6284
0.00000	5964
0.00000	5965
0.00000	3277
0.00000	3100
0.00000	2685
0.00000	1825
0.00000	1823
0.00000	597
0.00000	592
0.00000	595
0.00000	594
0.00000	596
0.00000	598
0.00000	591
0.00000	593
0.00000	589
0.00000	590
0.00000	3766
0.00000	6280
0.00000	6281
0.00000	40
0.00000	37
0.00000	6139
0.00000	6237
0.00000	4011
0.00000	4000
0.00000	4008
0.00000	419
0.00000	5886
0.00000	1065
0.00000	1063
0.00000	6274
0.00000	6275
0.00000	1379
0.00000	1732
0.00000	6179
0.00000	4604
0.00000	4605
0.00000	4608
0.00000	5958
0.00000	6107
0.00000	6106
0.00000	6105
0.00000	5284
0.00000	704
0.00000	5603
0.00000	3529
0.00000	3528
0.00000	5160
0.00000	5960
0.00000	5959
0.00000	4552
0.00000	3244
0.00000	3037
0.00000	3036
0.00000	6007
0.00000	6002
0.00000	6003
0.00000	3673
0.00000	6004
0.00000	6006
0.00000	5848
0.00000	5851
0.00000	5853
0.00000	5849
0.00000	6079
0.00000	6078
0.00000	6057
0.00000	6056
0.00000	6050
0.00000	6053
0.00000	6058
0.00000	6052
0.00000	6051
0.00000	4446
0.00000	6229
0.00000	6077
0.00000	6076
0.00000	4626
0.00000	3573
0.00000	3588
0.00000	3585
0.00000	3575
0.00000	4787
0.00000	4785
0.00000	4786
0.00000	5602
0.00000	6291
0.00000	6086
0.00000	6083
0.00000	6084
0.00000	6081
0.00000	6082
0.00000	6085
0.00000	5678
0.00000	5680
0.00000	5679
0.00000	3630
0.00000	3631
0.00000	5854
0.00000	5855
0.00000	5167
0.00000	5166
0.00000	5919
0.00000	5969
0.00000	5968
0.00000	1473
0.00000	4367
0.00000	2622
0.00000	5738
0.00000	5742
0.00000	5744
0.00000	5741
0.00000	5745
0.00000	5746
0.00000	5740
0.00000	5743
0.00000	5739
0.00000	5499
0.00000	4314
0.00000	4313
0.00000	4312
0.00000	5500
0.00000	6023
0.00000	6068
0.00000	6069
0.00000	702
0.00000	5913
0.00000	5522
0.00000	506
0.00000	5336
0.00000	5963
0.00000	5967
0.00000	499
0.00000	4225
0.00000	6178
0.00000	6177
0.00000	6111
0.00000	6104
0.00000	6109
0.00000	6101
0.00000	6100
0.00000	6110
0.00000	6103
0.00000	1381
0.00000	1634
0.00000	1640
0.00000	1638
0.00000	1639
0.00000	2446
0.00000	6024
0.00000	6025
0.00000	6180
0.00000	6176
0.00000	6175
0.00000	1006
0.00000	6174
0.00000	2913
0.00000	2915
0.00000	4440
0.00000	3198
0.00000	6296
0.00000	3186
0.00000	4922
0.00000	800
0.00000	6055
0.00000	6054
0.00000	2180
0.00000	2178
0.00000	305
0.00000	4822
0.00000	5038
0.00000	5370
0.00000	5375
0.00000	5372
0.00000	5374
0.00000	5371
0.00000	1848
0.00000	5847
0.00000	4142
0.00000	2267
0.00000	4791
0.00000	4792
0.00000	5590
0.00000	6090
0.00000	430
0.00000	3901
0.00000	3902
0.00000	6066
0.00000	6067
0.00000	5912
0.00000	306
0.00000	304
0.00000	5783
0.00000	3278
0.00000	3274
0.00000	5488
0.00000	5489
0.00000	6088
0.00000	6089
0.00000	4544
0.00000	4644
0.00000	5044
0.00000	5042
0.00000	2987
0.00000	2988
0.00000	2990
0.00000	2989
0.00000	1386
0.00000	6018
0.00000	6016
0.00000	6015
0.00000	6021
0.00000	6017
0.00000	6020
0.00000	6012
0.00000	6019
0.00000	6014
0.00000	2623
0.00000	1495
0.00000	6118
0.00000	6113
0.00000	6117
0.00000	6115
0.00000	6114
0.00000	6116
0.00000	6112
0.00000	4800
0.00000	1484
0.00000	6170
0.00000	1758
0.00000	120
0.00000	4627
0.00000	4480
0.00000	4479
0.00000	1496
0.00000	6169
0.00000	6145
0.00000	6148
0.00000	6146
0.00000	6143
0.00000	6147
0.00000	6149
0.00000	6144
0.00000	6186
0.00000	6254
0.00000	6253
0.00000	5976
0.00000	5979
0.00000	5977
0.00000	4834
0.00000	4835
0.00000	5936
0.00000	6034
0.00000	6032
0.00000	6035
0.00000	6033
0.00000	6031
0.00000	5673
0.00000	5674
0.00000	6136
0.00000	6134
0.00000	6135
0.00000	4226
0.00000	6167
0.00000	650
0.00000	5961
0.00000	5208
0.00000	5207
0.00000	5206
0.00000	5511
0.00000	5885
0.00000	6027
0.00000	501
0.00000	502
0.00000	6198
0.00000	6212
0.00000	6207
0.00000	6220
0.00000	6200
0.00000	6199
0.00000	6227
0.00000	6216
0.00000	6211
0.00000	6209
0.00000	6228
0.00000	6201
0.00000	6206
0.00000	6224
0.00000	6226
0.00000	6217
0.00000	6215
0.00000	6210
0.00000	6213
0.00000	6197
0.00000	6204
0.00000	6219
0.00000	6214
0.00000	6205
0.00000	6202
0.00000	6208
0.00000	6221
0.00000	6222
0.00000	6218
0.00000	6203
0.00000	6223
0.00000	6225
0.00000	6196
0.00000	6195
0.00000	6299
0.00000	6298
0.00000	6297
0.00000	6243
0.00000	6245
0.00000	6244
0.00000	2417
0.00000	6029
0.00000	6028
0.00000	6030
0.00000	6026
0.00000	1498
0.00000	2256
0.00000	2258
0.00000	5512
0.00000	6122
0.00000	6121
0.00000	5327
0.00000	6154
0.00000	6156
0.00000	6155
0.00000	1460
0.00000	6123
0.00000	6127
0.00000	6124
0.00000	6125
0.00000	6130
0.00000	6129
0.00000	6126
0.00000	6128
0.00000	1461
0.00000	3324
0.00000	6189
0.00000	6191
0.00000	6190
0.00000	6192
0.00000	6194
0.00000	6193
0.00000	5505
0.00000	5503
0.00000	6240
0.00000	6238
0.00000	6239
0.00000	3522
0.00000	3525
0.00000	3520
0.00000	3521
0.00000	5317
0.00000	5319
0.00000	5318
0.00000	6234
0.00000	6235
0.00000	6093
0.00000	6092
0.00000	5708
0.00000	544
0.00000	5709
0.00000	5943
0.00000	6247
0.00000	6248
0.00000	6289
0.00000	6230
0.00000	6231
0.00000	6188
0.00000	6185
0.00000	6187
0.00000	6184
0.00000	6183
0.00000	2136
0.00000	6246
0.00000	3888
0.00000	6258
0.00000	6261
0.00000	6260
0.00000	6259
0.00000	4795
0.00000	5774
0.00000	5773
0.00000	6172
0.00000	6173
0.00000	2505
0.00000	2513
0.00000	2512
0.00000	2508
0.00000	2509
0.00000	2510
0.00000	6272
0.00000	6271
0.00000	6273
0.00000	4140
0.00000	4138
0.00000	6276
0.00000	6277
0.00000	6278
0.00000	5090
0.00000	6290
0.00000	1660
0.00000	1877
0.00000	1662
0.00000	3099
0.00000	934
0.00000	899
0.00000	1110
0.00000	1225
0.00000	1117
0.00000	310
0.00000	2824
0.00000	1856
0.00000	636
0.00000	1112
0.00000	1693
0.00000	1472
0.00000	109
0.00000	66
0.00000	319
0.00000	719
0.00000	3074
0.00000	1680
0.00000	441
0.00000	964
0.00000	903
0.00000	4500
0.00000	1101
0.00000	1314
0.00000	4744
0.00000	1406
0.00000	1410
0.00000	410
0.00000	949
0.00000	3078
0.00000	1478
0.00000	1742
0.00000	1244
0.00000	1497
0.00000	1722
0.00000	644
0.00000	1083
0.00000	1785
0.00000	1668
0.00000	1745
0.00000	444
0.00000	1567
0.00000	428
0.00000	4743
0.00000	2830
0.00000	1678
0.00000	1453
0.00000	1247
0.00000	1869
0.00000	1746
0.00000	1204
0.00000	5540
0.00000	5394
0.00000	1183
0.00000	3610
0.00000	517
0.00000	994
0.00000	1263
0.00000	775
0.00000	1294
0.00000	1201
0.00000	3592
0.00000	1111
0.00000	192
0.00000	4745
0.00000	3353
0.00000	1864
0.00000	46
0.00000	3396
0.00000	4331
0.00000	366
0.00000	1603
0.00000	1207
0.00000	1450
0.00000	546
0.00000	1674
0.00000	1161
0.00000	447
0.00000	4631
0.00000	1398
0.00000	1206
0.00000	1479
0.00000	3103
0.00000	317
0.00000	1200
0.00000	639
0.00000	1562
0.00000	3068
0.00000	1296
0.00000	1190
0.00000	539
0.00000	2835
0.00000	1468
0.00000	399
0.00000	1793
0.00000	3182
0.00000	3505
0.00000	516
0.00000	1
0.00000	1649
0.00000	1684
0.00000	1648
0.00000	723
0.00000	22
0.00000	1187
0.00000	1448
0.00000	3101
0.00000	52
0.00000	1525
0.00000	3073
0.00000	1748
0.00000	1186
0.00000	896
0.00000	194
0.00000	905
0.00000	1286
0.00000	948
0.00000	405
0.00000	2426
0.00000	961
0.00000	1523
0.00000	1315
0.00000	1226
0.00000	1474
0.00000	1853
0.00000	2827
0.00000	1857
0.00000	1121
0.00000	543
0.00000	653
0.00000	4630
0.00000	1455
0.00000	316
0.00000	403
0.00000	1205
0.00000	1452
0.00000	1295
0.00000	3474
0.00000	6
0.00000	445
0.00000	1098
0.00000	1189
0.00000	1298
0.00000	1494
0.00000	1238
0.00000	1105
0.00000	1108
0.00000	1470
0.00000	992
0.00000	1185
0.00000	2135
0.00000	1462
0.00000	752
0.00000	1465
0.00000	2845
0.00000	5539
0.00000	647
0.00000	1260
0.00000	3072
0.00000	236
0.00000	0
0.00000	1834
0.00000	431
0.00000	1580
0.00000	237
0.00000	929
0.00000	421
0.00000	1521
0.00000	1681
0.00000	5537
0.00000	408
0.00000	1579
0.00000	950
0.00000	1657
0.00000	439
0.00000	1625
0.00000	1469
0.00000	1596
0.00000	1835
0.00000	1876
0.00000	5870
0.00000	1000
0.00000	5538
0.00000	1312
0.00000	1113
0.00000	1464
0.00000	3472
0.00000	1879
0.00000	320
0.00000	1713
0.00000	5461
0.00000	999
0.00000	1446
0.00000	1241
0.00000	2832
0.00000	1463
0.00000	1008
0.00000	1753
0.00000	98
0.00000	3611
0.00000	1527
0.00000	1181
0.00000	1582
0.00000	1759
0.00000	2834
0.00000	1712
0.00000	3075
0.00000	1075
0.00000	1307
0.00000	24
0.00000	1467
0.00000	1851
0.00000	936
0.00000	4329
0.00000	537
0.00000	1237
0.00000	1723
0.00000	966
0.00000	3246
0.00000	1399
0.00000	1445
0.00000	3541
0.00000	245
0.00000	1696
0.00000	1308
0.00000	72
0.00000	1692
0.00000	1858
0.00000	1847
0.00000	1839
0.00000	1502
0.00000	70
0.00000	44
0.00000	1293
0.00000	1403
0.00000	4493
0.00000	1119
0.00000	3183
0.00000	1449
0.00000	1188
0.00000	1222
0.00000	239
0.00000	519
0.00000	545
0.00000	1663
0.00000	641
0.00000	1182
0.00000	417
0.00000	3398
0.00000	1683
0.00000	5869
0.00000	242
0.00000	797
0.00000	525
0.00000	1566
0.00000	3591
0.00000	26
0.00000	1242
0.00000	1884
0.00000	1218
0.00000	1520
0.00000	4326
0.00000	1099
0.00000	2137
0.00000	74
0.00000	2831
0.00000	1483
0.00000	1080
0.00000	1499
